[268429]
[17388]
[28319]
[267484]
[269636]
[28206]
[134391]
[129706]
[17717]
[132220]
[339793]
[35728]
[553048]
[133752]
[122879]
[36615]
[131924]
[131821]
[268153]
[119763]
[159372]
[155412]
[158463]
[123442]
[160009]
[407433]
[270388]
[151854]
[407359]
[153021]
[148342]
[106996]
[159086]
[272637]
[38495]
[35541]
[300584]
[148695]
[126871]
[3982]
[104966]
[120761]
[407259]
[120984]
[155608]
[2557]
[128534]
[158935]
[121729]
[271576]
[16636]
[335475]
[39745]
[642061]
[47720]
[159041]
[403192]
[3223]
[265831]
[36989]
[270367]
[301170]
[270057]
[303949]
[405411]
[160774]
[159622]
[298034]
[127341]
[134549]
[411773]
[298939]
[122946]
[155083]
[4043]
[109066]
[3743]
[35956]
[29105]
[275776]
[22610]
[35616]
[412120]
[403196]
[3479]
[6588]
[154200]
[411732]
[127459]
[1017]
[137099]
[160397]
[390429]
[270040]
[5924]
[388689]
[17540]
[38999]
[2368]
[388303]
[402980]
[125764]
[28388]
[4774]
[4349]
[157370]
[392562]
[339072]
[106613]
[340247]
[275501]
[159739]
[137010]
[388719]
[126950]
[127901]
[130991]
[300823]
[403205]
[392622]
[271072]
[26369]
[154329]
[160739]
[36109]
[36955]
[647307]
[403035]
[267991]
[12921]
[268228]
[146635]
[159665]
[226886]
[186413]
[213710]
[223437]
[216998]
[223303]
[190008]
[57003]
[190975]
[186063]
[219440]
[51094]
[216108]
[213649]
[217774]
[52046]
[194043]
[214943]
[187099]
[181461]
[224922]
[228486]
[86938]
[50304]
[194370]
[215715]
[82065]
[192126]
[194886]
[181024]
[217630]
[227477]
[223450]
[185106]
[198832]
[214870]
[103625]
[223464]
[215689]
[214369]
[86557]
[51479]
[214492]
[219922]
[180453]
[214507]
[215520]
[221944]
[186762]
[70487]
[183169]
[217641]
[216942]
[63433]
[220045]
[217787]
[103590]
[214332]
[194794]
[215428]
[387738]
[84078]
[228517]
[185007]
[215397]
[225681]
[214544]
[190685]
[226812]
[226726]
[219579]
[183068]
[215939]
[364431]
[327147]
[346272]
[43493]
[439602]
[145036]
[284952]
[380657]
[344087]
[398090]
[345906]
[294914]
[143010]
[316750]
[449638]
[384858]
[296700]
[344913]
[305283]
[358544]
[310162]
[242828]
[343908]
[346127]
[435036]
[342146]
[480487]
[288553]
[286682]
[173530]
[142847]
[926534]
[41938]
[449629]
[142779]
[435893]
[472441]
[239862]
[288887]
[386784]
[295566]
[318843]
[363534]
[179562]
[361477]
[368100]
[263135]
[316406]
[326592]
[311783]
[236000]
[311864]
[358680]
[358565]
[344426]
[386944]
[451263]
[505568]
[137455]
[139474]
[366695]
[380888]
[167002]
[425230]
[173921]
[361753]
[247812]
[293836]
[47957]
[346876]
[307154]
[137850]
[281590]
[172392]
[44903]
[89936]
[361633]
[473309]
[292218]
[311764]
[310368]
[288151]
[445467]
[313595]
[95173]
[380932]
[295754]
[420701]
[288903]
[259823]
[384653]
[361443]
[41969]
[285183]
[174296]
[259004]
[421393]
[442822]
[343402]
[438790]
[278703]
[113858]
[89995]
[288681]
[258862]
[97159]
[48116]
[359405]
[378487]
[472841]
[290059]
[89630]
[320356]
[441480]
[441886]
[174513]
[381070]
[424655]
[440695]
[344746]
[345195]
[472333]
[248353]
[380029]
[173923]
[344397]
[358738]
[363580]
[42242]
[139052]
[284459]
[384412]
[364468]
[446990]
[96890]
[359287]
[233081]
[383740]
[342067]
[172640]
[306546]
[449623]
[310387]
[231246]
[341455]
[368619]
[480460]
[97097]
[435202]
[138582]
[480328]
[472730]
[310180]
[472426]
[232696]
[449965]
[442258]
[424851]
[89639]
[96733]
[322236]
[425098]
[283438]
[313713]
[244248]
[313891]
[361399]
[284940]
[48004]
[363795]
[138159]
[284305]
[345834]
[140689]
[318995]
[174060]
[283308]
[113954]
[174151]
[450426]
[382419]
[318004]
[307903]
[343826]
[97912]
[141945]
[306552]
[138352]
[289153]
[325197]
[174896]
[92918]
[314924]
[177583]
[173591]
[442228]
[287730]
[173664]
[345019]
[342518]
[249776]
[366613]
[386393]
[316836]
[381443]
[343635]
[259783]
[366599]
[111418]
[248374]
[444869]
