[297728]
[276288]
[152639]
[127027]
[128736]
[268429]
[36004]
[28319]
[157192]
[267484]
[269636]
[3182]
[119588]
[17717]
[132220]
[339793]
[35728]
[133752]
[131821]
[553669]
[109135]
[268153]
[159372]
[297791]
[155412]
[120020]
[158463]
[123442]
[160009]
[407433]
[392672]
[270388]
[407359]
[153021]
[148342]
[268958]
[120880]
[106996]
[159086]
[272637]
[1815]
[38495]
[300584]
[125574]
[148695]
[126871]
[3982]
[104966]
[120761]
[271700]
[407259]
[120984]
[155608]
[2557]
[128534]
[158935]
[271576]
[28300]
[39745]
[642061]
[390009]
[47720]
[159041]
[403192]
[3223]
[265831]
[36989]
[270367]
[301170]
[270057]
[303949]
[160774]
[159622]
[298034]
[127341]
[134549]
[411773]
[298939]
[122946]
[155083]
[4043]
[109066]
[3743]
[35956]
[29105]
[39755]
[40269]
[275776]
[404896]
[22610]
[297632]
[412120]
[3479]
[6588]
[154200]
[411732]
[127459]
[1017]
[137099]
[390429]
[270040]
[5924]
[2419]
[388689]
[17540]
[104918]
[38999]
[2368]
[388303]
[402980]
[125764]
[156337]
[28388]
[4774]
[157370]
[392562]
[339072]
[106613]
[340247]
[275501]
[159739]
[137010]
[388719]
[126950]
[127901]
[159238]
[647164]
[300823]
[403205]
[392622]
[271072]
[40670]
[26369]
[154329]
[160739]
[36109]
[36955]
[647307]
[403035]
[267991]
[12921]
[146635]
[31562]
[87649]
[186413]
[213710]
[84061]
[223303]
[190008]
[66248]
[63682]
[57003]
[190975]
[186063]
[219440]
[205182]
[58977]
[511190]
[208474]
[58840]
[203463]
[51094]
[216108]
[205714]
[213649]
[217774]
[52046]
[187099]
[64760]
[181461]
[228486]
[86938]
[50304]
[194370]
[215715]
[51273]
[70955]
[82065]
[192126]
[194886]
[217630]
[227477]
[369452]
[223450]
[333184]
[185106]
[198832]
[214870]
[184486]
[103625]
[223464]
[215689]
[214369]
[86557]
[64470]
[51479]
[214492]
[219922]
[180453]
[214507]
[215520]
[221944]
[186762]
[70487]
[183169]
[217641]
[216942]
[63433]
[220045]
[217787]
[199554]
[214332]
[375153]
[194794]
[387738]
[84078]
[228517]
[185007]
[215397]
[225681]
[214544]
[190685]
[226812]
[219579]
[206678]
[183068]
[215939]
[394066]
[364431]
[327147]
[346272]
[43493]
[472703]
[439602]
[145036]
[309127]
[284952]
[326723]
[380657]
[285481]
[344087]
[398090]
[394383]
[345906]
[344806]
[280924]
[294914]
[322610]
[143010]
[316750]
[449638]
[296700]
[344913]
[394401]
[316769]
[448246]
[358544]
[310162]
[382184]
[242828]
[343908]
[346127]
[435036]
[342146]
[480487]
[260030]
[288553]
[286682]
[173530]
[142847]
[41938]
[97864]
[449629]
[142779]
[472441]
[239862]
[288887]
[386784]
[295566]
[318843]
[363534]
[179562]
[361477]
[472821]
[263135]
[316406]
[434031]
[311864]
[358680]
[346292]
[344426]
[386944]
[451263]
[505568]
[137455]
[139474]
[366695]
[380888]
[167002]
[425230]
[173921]
[361753]
[247812]
[293836]
[346876]
[313063]
[307154]
[137850]
[172392]
[44903]
[89936]
[473309]
[292218]
[311764]
[310368]
[288151]
[445467]
[313595]
[95173]
[380932]
[288903]
[295640]
[259823]
[384653]
[361443]
[41969]
[285183]
[174296]
[421393]
[442822]
[343402]
[438790]
[278703]
[113858]
[89995]
[288681]
[380596]
[258862]
[97159]
[48116]
[359405]
[378487]
[472841]
[290059]
[442581]
[89630]
[320356]
[441480]
[441886]
[174513]
[381070]
[424655]
[440695]
[344746]
[345195]
[394561]
[346082]
[248353]
[380029]
[471984]
[173923]
[344397]
[358738]
[363580]
[42242]
[139052]
[284459]
[384412]
[364468]
[96890]
[359287]
[233081]
[137904]
[383740]
[342067]
[172640]
[306546]
[449623]
[310387]
[231246]
[341455]
[368619]
[449307]
[480460]
[97097]
[435202]
[143846]
[480328]
[472730]
[310180]
[472426]
[442258]
[424851]
[89639]
[96733]
[379804]
[394092]
[425098]
[283438]
[313713]
[244248]
[313891]
[344428]
[361399]
[284940]
[48004]
[363795]
[138159]
[284305]
[345834]
[140689]
[318995]
[174060]
[283308]
[113954]
[174151]
[315302]
[450426]
[284345]
[382419]
[318004]
[307903]
[343826]
[97912]
[141945]
[306552]
[138352]
[44171]
[289153]
[325197]
[174896]
[92918]
[314924]
[177583]
[173591]
[442228]
[287730]
[173664]
[345019]
[342518]
[249776]
[366613]
[386393]
[41447]
[316836]
[472213]
[343635]
[366599]
[111418]
[310037]
[248374]
[444869]
