297728 266 1 0.0865733 2.13917e-05 233.452 8.60414 23.27 0.0403822
276288 266 2 0.0788474 1.69532e-05 331.631 7.89657 34.5546 0.0250102
152639 266 4 0.0677152 3.71479e-05 297.368 15.6765 16.3634 0.0253437
127027 266 5 0.076768 1.6522e-05 227.793 7.8844 26.4472 0.0165214
128736 266 6 0.047568 1.49228e-05 227.679 6.35456 30.5432 0.0228622
268429 266 8 0.0743113 1.4322e-05 256.473 6.67642 32.9016 0.0141584
36004 266 10 0.0880014 2.01884e-05 264.501 8.81559 25.199 0.028686
28319 266 11 0.0903211 1.66974e-05 243.604 7.03258 31.1928 0.0583149
157192 266 12 0.0273424 7.98789e-06 257.156 3.49509 62.5052 0.033187
267484 266 13 0.0974264 2.50203e-05 272.315 10.7561 22.1827 0.0268211
269636 266 15 0.0761677 1.99989e-05 249.374 8.79526 27.8278 0.0185455
3182 266 16 0.0935744 2.15929e-05 265.681 10.021 25.2115 0.0526983
119588 266 17 0.0728156 1.16188e-05 249.409 5.2775 41.2284 0.0427914
17717 266 18 0.0798575 1.74333e-05 212.241 6.73617 27.2777 0.0291613
132220 266 19 0.0774436 1.28706e-05 252.453 5.83493 36.4282 0.0266112
339793 266 20 0.0709089 1.54444e-05 260.907 6.41833 35.5921 0.0399082
35728 266 23 0.0844001 1.84756e-05 242.514 8.12465 27.3328 0.0273371
133752 266 24 0.0530644 1.43015e-05 241.154 6.36485 35.6425 0.0526303
131821 266 25 0.0721228 1.36826e-05 352.601 7.31616 44.9814 0.0240169
553669 266 26 0.0737898 1.50484e-05 243.51 6.97641 32.9514 0.0219068
109135 266 27 0.0640329 1.21805e-05 160.061 4.60227 31.3347 0.0616479
268153 266 30 0.0759878 1.45924e-05 274.611 8.18214 30.5112 0.0205196
159372 266 33 0.0369949 1.50916e-05 288.558 6.98685 36.7966 0.0504995
297791 266 35 0.0836522 1.57967e-05 227.765 6.82604 29.5429 0.0395813
155412 266 36 0.0952384 1.87725e-05 186.825 7.69963 20.6601 0.0255702
120020 266 37 0.0725595 1.64022e-05 326.715 8.76476 34.788 0.0441006
158463 266 39 0.0424668 1.28536e-05 261.638 5.70181 37.5053 0.0448304
123442 266 40 0.048832 1.13438e-05 256.914 5.17897 41.1331 0.046641
160009 266 43 0.0840444 1.75945e-05 251.165 7.56582 29.6704 0.0584125
407433 266 44 0.0948768 1.76892e-05 265.309 8.1957 28.378 0.0197938
392672 266 46 0.0792737 1.7831e-05 231.761 8.05193 25.6989 0.0417729
270388 266 48 0.0789634 1.94092e-05 145.751 9.13678 17.1257 0.0205697
407359 266 49 0.0623814 1.32159e-05 204.639 5.51133 33.8519 0.0257729
153021 266 53 0.0687067 1.50446e-05 265.021 7.03547 34.1866 0.0275796
148342 266 54 0.0884457 1.69938e-05 240.245 7.99815 29.6588 0.0344488
268958 266 55 0.0806779 2.59154e-05 78.0676 8.90809 13.3198 0.0166315
120880 266 56 0.0828007 1.63581e-05 278.764 7.49345 31.1799 0.03353
106996 266 57 0.0540149 1.43514e-05 237.393 5.88327 34.7437 0.0287962
159086 266 59 0.0920199 1.86273e-05 270.097 8.66176 28.5169 0.0429987
272637 266 60 0.0409963 1.12946e-05 108.379 5.6662 31.4939 0.0292114
1815 266 61 0.0917737 1.98809e-05 274.077 8.34038 28.8997 0.0524572
38495 266 62 0.0852151 1.51923e-05 197.561 6.49823 27.3287 0.0300584
300584 266 63 0.0531634 1.3423e-05 192.55 5.79916 32.0677 0.0598606
125574 266 64 0.0197187 8.93326e-06 291.943 4.27804 57.8861 0.0269138
148695 266 67 0.0889821 1.83757e-05 275.529 8.11217 28.3941 0.0432813
126871 266 69 0.0754622 1.20237e-05 191.217 5.42205 32.5819 0.0167812
3982 266 70 0.0956624 1.96051e-05 277.786 8.42231 28.495 0.045893
104966 266 71 0.0712326 1.48778e-05 243.425 6.45034 34.4353 0.0466745
120761 266 72 0.0720726 1.28445e-05 309.917 6.32451 42.6685 0.0420672
271700 266 73 0.0644892 1.55886e-05 291.05 7.34877 35.2988 0.0375228
407259 266 75 0.0611843 1.29348e-05 207.769 5.57992 33.2589 0.0264345
120984 266 76 0.0779617 1.48019e-05 268.063 7.02165 35.2408 0.0382896
155608 266 77 0.0874708 2.19263e-05 217.22 9.22803 21.6384 0.0296684
2557 266 78 0.0955293 2.02422e-05 265.315 9.17026 26.4601 0.0288279
128534 266 79 0.0865387 1.33711e-05 295.834 6.32603 40.7979 0.0270933
158935 266 80 0.101113 2.37393e-05 218.301 10.4157 19.444 0.0400317
271576 266 81 0.0756128 1.67688e-05 239.346 7.94392 28.3658 0.024322
28300 266 82 0.0711408 1.54724e-05 272.454 7.17772 35.8901 0.0700132
39745 266 83 0.0590963 1.51456e-05 251.445 6.7198 33.7467 0.155659
642061 266 85 0.0870174 1.94811e-05 320.839 9.22543 30.3179 0.0224259
390009 266 86 0.093901 2.32415e-05 236.645 9.10713 21.156 0.0546422
47720 266 89 0.0574319 1.02805e-05 210.179 4.36363 44.0118 0.0853244
159041 266 90 0.0769092 1.85471e-05 249.072 7.90357 28.7968 0.0461611
403192 266 91 0.0338405 1.28273e-05 293.254 6.17055 41.342 0.0287762
3223 266 92 0.0635859 1.79329e-05 312.423 9.11474 35.9737 0.0456879
265831 266 94 0.0416722 1.00514e-05 241.214 4.65227 48.02 0.0482129
36989 266 95 0.0851579 1.84925e-05 251.582 7.57979 26.2115 0.0220497
270367 266 97 0.0791474 1.93162e-05 198.6 7.50259 24.7178 0.0189267
301170 266 98 0.053889 1.68088e-05 208.652 7.04236 29.3933 0.0432768
270057 266 99 0.0777982 1.6588e-05 230.03 7.45384 28.0185 0.0190739
303949 266 100 0.0987492 1.91309e-05 236.933 7.47362 26.8828 0.143517
160774 266 101 0.0865164 1.6719e-05 275.983 7.39247 31.2053 0.0521765
159622 266 103 0.0379254 9.92382e-06 213.523 4.72987 41.5174 0.050448
298034 266 104 0.0923669 2.32735e-05 207.15 8.75819 21.2932 0.0449717
127341 266 105 0.0755922 1.80479e-05 260.642 7.99605 27.4283 0.0179948
134549 266 106 0.053501 1.14296e-05 240.829 5.45975 40.8135 0.0348375
411773 266 107 0.098442 2.50143e-05 234.173 9.4968 20.3974 0.0300163
298939 266 108 0.0751 1.38979e-05 316.546 7.71779 36.9719 0.0463262
122946 266 109 0.0772957 1.89751e-05 151.895 9.38021 18.7358 0.0516274
155083 266 110 0.0908175 2.19008e-05 244.907 10.2577 23.0861 0.0259647
4043 266 111 0.097755 1.78537e-05 220.063 7.66866 25.2533 0.0528833
109066 266 112 0.098372 1.95586e-05 290.008 9.40128 28.8316 0.0254261
3743 266 113 0.0953293 1.75564e-05 259.97 7.0168 29.4528 0.0656244
35956 266 114 0.0895129 2.27019e-05 287.649 10.2618 25.2568 0.0239614
29105 266 115 0.0885448 1.92254e-05 250.275 7.89724 25.7367 0.0921686
39755 266 116 0.0606534 1.57513e-05 260.147 6.84466 35.3694 0.212603
40269 266 117 0.0431447 1.01687e-05 153.631 4.02047 40.5425 0.133843
275776 266 118 0.0808386 1.75831e-05 225.888 7.21686 26.3845 0.0240446
404896 266 119 0.0772898 2.78664e-05 208.84 11.0286 18.1549 0.0399253
22610 266 120 0.0538504 1.36476e-05 260.207 5.87861 38.3965 0.0534429
297632 266 121 0.0878845 2.12387e-05 241.554 8.55731 25.0296 0.0434499
412120 266 122 0.0450938 1.03464e-05 226.312 4.60874 43.7929 0.0247698
3479 266 126 0.0959576 1.8686e-05 173.453 8.15581 21.577 0.0396105
6588 266 127 0.039636 1.13997e-05 250.73 5.33946 41.9239 0.0446629
154200 266 128 0.0303661 7.04035e-06 115.829 5.62421 37.9829 0.0593938
411732 266 129 0.0974404 2.86408e-05 254.944 11.4108 18.6242 0.0342914
127459 266 132 0.0783864 1.50695e-05 287.944 7.03139 36.4929 0.0160717
1017 266 134 0.087761 1.76898e-05 240.419 7.35521 27.6331 0.0443074
137099 266 135 0.039013 1.04082e-05 211.934 4.19791 40.3632 0.0469726
390429 266 136 0.0724435 1.34308e-05 225.845 6.06115 32.8142 0.0537784
270040 266 137 0.0829713 1.56575e-05 230.097 7.01222 28.297 0.015785
5924 266 138 0.0389986 1.07851e-05 279.101 4.7702 49.0234 0.0414259
2419 266 140 0.098249 2.29754e-05 237.378 9.14293 21.6547 0.0236921
388689 266 141 0.0969421 2.03627e-05 292.659 9.36197 26.7351 0.0278625
17540 266 142 0.0742565 1.26218e-05 202.855 5.39103 33.6114 0.0436483
104918 266 144 0.0691559 1.38834e-05 217.763 5.905 34.524 0.0401902
38999 266 145 0.0564475 1.73252e-05 130.658 7.68529 21.4146 0.173423
2368 266 147 0.0451042 1.25699e-05 266.547 6.16039 37.6793 0.026025
388303 266 148 0.0863852 1.78694e-05 211.342 6.93846 25.3408 0.0219353
402980 266 149 0.0361988 1.12765e-05 126.242 4.47752 31.4037 0.0259762
125764 266 150 0.0775461 2.10099e-05 180.473 9.56995 20.6701 0.0231225
156337 266 151 0.0560398 1.28453e-05 180.832 5.41148 30.7746 0.0300738
28388 266 152 0.0887401 2.40284e-05 231.879 9.51068 21.3543 0.0525186
4774 266 153 0.0955654 1.35852e-05 317.258 6.20951 41.8171 0.0641618
157370 266 154 0.0648392 1.00346e-05 300.685 4.56219 53.6162 0.0329206
392562 266 155 0.0802746 2.18378e-05 259.529 8.31888 25.1044 0.0530607
339072 266 156 0.070238 1.61654e-05 210.025 6.36036 29.0379 0.031075
106613 266 157 0.0877838 1.28178e-05 223.467 5.47785 36.1375 0.0233779
340247 266 158 0.0743194 1.40349e-05 193.886 6.2053 29.1056 0.0340376
275501 266 159 0.0785366 1.61099e-05 213.292 7.43122 29.6221 0.0265806
159739 266 160 0.0783369 1.64079e-05 312.849 8.64808 34.2375 0.0426846
137010 266 161 0.039652 1.30329e-05 186.198 5.29592 31.8773 0.0500219
388719 266 162 0.0310627 1.18643e-05 222.555 5.23214 37.7391 0.0275824
126950 266 163 0.0747004 1.64581e-05 146.025 7.69157 22.144 0.0216145
127901 266 164 0.0816204 8.99089e-06 231.998 4.05189 51.7357 0.0257035
159238 266 166 0.0776495 1.99657e-05 216.061 8.61876 23.6131 0.0397488
647164 266 168 0.0521574 1.36005e-05 279.98 6.04023 38.2071 0.0490464
300823 266 169 0.0538373 1.18708e-05 233.256 5.32426 39.6303 0.0475872
403205 266 170 0.064112 2.14514e-05 202.136 9.19476 20.4761 0.0292895
392622 266 171 0.0792807 1.90514e-05 194.768 7.86614 22.9195 0.0415134
271072 266 172 0.0808458 1.28896e-05 226.658 5.46427 35.2079 0.0232773
40670 266 173 0.0855426 1.69069e-05 191.459 7.20529 26.5015 0.0822949
26369 266 174 0.0433819 1.01266e-05 191.141 4.60827 40.7354 0.0532576
154329 266 175 0.0215332 6.7824e-06 183.493 2.59603 64.2951 0.0692801
160739 266 176 0.036872 1.2412e-05 274.482 6.10344 42.7255 0.0529159
36109 266 177 0.0818256 2.05014e-05 270.918 9.99234 25.5184 0.0224134
36955 266 179 0.0833665 1.69228e-05 251.624 7.09306 30.5654 0.0306469
647307 266 180 0.0365049 1.19698e-05 285.037 5.14491 45.5593 0.0430607
403035 266 183 0.0616739 1.54959e-05 233.919 6.31393 31.2182 0.0292906
267991 266 186 0.0963036 2.14203e-05 254.17 8.89689 24.8364 0.0231832
12921 266 187 0.0708048 1.23318e-05 255.85 5.26421 43.5198 0.0227046
146635 266 188 0.0765279 1.31604e-05 251.054 6.04933 40.5145 0.0435401
31562 266 189 0.0546039 9.5662e-06 195.414 3.96883 48.7778 0.0211646
87649 266 191 0.0705528 1.56107e-05 256.289 6.93794 31.2255 0.0555105
186413 266 192 0.0776255 1.56513e-05 303.116 7.46243 36.1833 0.0431929
213710 266 193 0.0579538 1.49493e-05 271.877 6.66027 35.9031 0.0375412
84061 266 194 0.0438491 1.56473e-05 203.41 6.70799 28.7952 0.0882169
223303 266 195 0.0997881 2.06866e-05 273.37 8.35466 27.1356 0.0441066
190008 266 196 0.0553588 1.56951e-05 322.268 13.4795 24.2904 0.0377021
66248 266 197 0.0789361 1.82338e-05 260.152 8.0285 28.5014 0.0293447
63682 266 198 0.044819 1.12633e-05 252.954 5.15721 39.1214 0.0276681
57003 266 199 0.0999087 2.84918e-05 216.982 10.6904 18.1588 0.0323011
190975 266 200 0.0547345 1.56246e-05 305.589 6.99441 37.1612 0.0371756
186063 266 201 0.0867969 1.81095e-05 249.241 7.89448 27.7051 0.0319429
219440 266 202 0.0617617 1.35817e-05 246.166 6.08745 38.6472 0.0539357
205182 266 203 0.0445091 1.33679e-05 261.251 5.56767 36.2013 0.0386543
58977 266 204 0.0635513 1.70106e-05 220.175 7.61771 27.3552 0.0295013
511190 266 205 0.0840913 1.36344e-05 269.66 5.98712 41.7219 0.0331858
208474 266 206 0.0425467 1.2607e-05 253.696 5.57126 38.6205 0.027251
58840 266 207 0.059865 1.74872e-05 249.596 8.27645 27.7173 0.0229212
203463 266 208 0.0644766 1.40678e-05 279.102 6.24878 38.4933 0.0284826
51094 266 209 0.0568443 1.46855e-05 239.26 7.24908 30.5408 0.0687549
216108 266 211 0.0828948 1.03189e-05 301.337 4.84203 53.1059 0.0549255
205714 266 212 0.043839 1.28413e-05 292.796 6.25632 40.2648 0.0473694
213649 266 213 0.0647552 1.52252e-05 261.009 6.67059 33.4463 0.0328768
217774 266 214 0.0798105 2.56668e-05 147.69 10.8583 16.9241 0.0393589
52046 266 215 0.0579081 1.21301e-05 206.196 5.40008 35.1675 0.0705635
187099 266 217 0.0772677 1.46655e-05 214.496 6.95161 29.9653 0.0344187
64760 266 218 0.0792413 1.52938e-05 251.676 6.90411 32.4209 0.0233815
181461 266 219 0.0731063 1.54707e-05 162.684 6.46156 27.7644 0.0840711
228486 266 220 0.0752207 1.44889e-05 274.605 6.57728 36.8723 0.0391608
86938 266 221 0.0735692 1.29683e-05 210.751 5.06485 39.6 0.0602896
50304 266 223 0.0567804 2.04565e-05 205.443 7.58349 23.7442 0.0695403
194370 266 224 0.0521033 1.46936e-05 199.746 6.03152 32.3855 0.0287058
215715 266 226 0.0833742 1.92902e-05 178.721 7.60168 22.7933 0.0441456
51273 266 227 0.0530678 1.69482e-05 183.66 6.65042 24.6492 0.0507238
70955 266 228 0.0237361 1.21198e-05 132.152 4.82074 42.6683 0.0544699
82065 266 230 0.0782507 1.97181e-05 263.128 9.66282 27.6957 0.0689707
192126 266 231 0.0654873 1.27465e-05 293.712 6.29356 40.4034 0.0354664
194886 266 233 0.0523508 1.3795e-05 294.601 6.56773 39.431 0.0237625
217630 266 234 0.0781967 2.29667e-05 199.552 8.69212 21.684 0.0382589
227477 266 235 0.0681697 1.9209e-05 287.735 8.43415 30.0413 0.0588627
369452 266 237 0.0374171 1.24132e-05 261.24 5.57865 40.0812 0.108485
223450 266 238 0.0982972 2.18402e-05 273.076 9.61468 24.3316 0.0476244
333184 266 240 0.0637274 1.33125e-05 233.684 5.75836 35.487 0.0555638
185106 266 241 0.0968089 1.93393e-05 221.492 7.65577 25.6414 0.0458795
198832 266 243 0.0568866 1.7021e-05 220.345 7.11274 28.9132 0.0651138
214870 266 244 0.0924643 1.91098e-05 243.447 8.06452 25.9277 0.0637614
184486 266 245 0.0839543 1.99565e-05 275.81 8.77378 27.8029 0.0277684
103625 266 246 0.0651752 9.10647e-06 219.602 4.04552 52.2117 0.118886
223464 266 248 0.0889356 2.06422e-05 214.444 8.71162 22.9737 0.0670144
215689 266 249 0.0835725 1.7118e-05 218.616 6.96533 28.0561 0.043154
214369 266 250 0.0826763 1.58059e-05 258.271 6.5035 33.9204 0.0410845
86557 266 251 0.0605163 2.14138e-05 171.371 8.51172 21.8764 0.236583
64470 266 252 0.0561178 1.48093e-05 233.091 6.77802 31.8097 0.0314868
51479 266 253 0.0898598 2.56717e-05 303.69 10.7307 22.7694 0.0550416
214492 266 255 0.0639352 1.17597e-05 254.033 5.09639 44.4185 0.0321809
219922 266 256 0.077875 1.86615e-05 251.64 8.22228 28.1592 0.0630876
180453 266 257 0.0801805 2.10854e-05 201.048 7.79908 25.7463 0.0792373
214507 266 258 0.0820182 2.06884e-05 159.472 10.2735 17.201 0.0352286
215520 266 259 0.0937725 2.13526e-05 198.335 8.02048 22.8633 0.069813
221944 266 260 0.0804337 1.69196e-05 243.562 7.22924 30.5857 0.0809913
186762 266 261 0.0740831 1.59196e-05 244.185 7.20266 30.9397 0.0360989
70487 266 262 0.0205609 5.50256e-06 168.307 2.48135 62.9286 0.0278958
183169 266 263 0.0958835 9.37725e-06 212.412 9.95234 19.6101 0.0386416
217641 266 264 0.0772611 1.80002e-05 138.049 7.47402 21.2819 0.0409339
216942 266 266 0.0815499 1.65994e-05 165.651 6.47082 24.9103 0.040596
63433 266 268 0.0774105 1.65137e-05 333.071 8.03827 36.5142 0.0351123
220045 266 269 0.0891051 2.17805e-05 259.956 8.43931 26.0217 0.079982
217787 266 271 0.0791353 1.56473e-05 230.555 6.5851 33.193 0.036978
199554 266 272 0.0578371 1.05036e-05 192.418 4.66973 42.1465 0.0641317
214332 266 273 0.0700134 1.13033e-05 277.911 4.98257 51.0975 0.0471853
375153 266 274 0.0843846 1.61129e-05 322.98 7.74594 38.6886 0.0457822
194794 266 275 0.0528776 1.38596e-05 238.163 6.66772 34.0119 0.0219518
387738 266 276 0.0537551 1.33271e-05 168.904 5.7129 30.06 0.0464971
84078 266 277 0.0602051 1.44748e-05 275.304 6.14743 37.3685 0.0465788
228517 266 278 0.073572 1.57569e-05 200.793 6.91385 27.048 0.0568836
185007 266 279 0.097663 1.55542e-05 238.41 8.39017 27.3207 0.0294701
215397 266 280 0.0851583 1.95302e-05 221.168 8.90812 26.2972 0.0465708
225681 266 282 0.0829862 1.66847e-05 196.868 6.99896 26.1756 0.0520556
214544 266 283 0.0821787 2.33687e-05 174.047 8.24179 22.8425 0.0339905
190685 266 284 0.0550941 1.3887e-05 267.514 6.75525 36.3271 0.0413314
226812 266 285 0.0424193 9.79415e-06 321.691 4.77816 59.5729 0.0477782
219579 266 286 0.0978787 1.89993e-05 232.808 7.41645 26.4938 0.0606011
206678 266 287 0.0442368 1.05849e-05 209.378 4.56852 40.0285 0.034273
183068 266 288 0.0849861 1.74002e-05 238.896 8.31573 28.3887 0.0317978
215939 266 289 0.0832622 1.3485e-05 279.488 5.72327 38.1823 0.0523741
394066 266 290 0.087306 1.97322e-05 230.295 8.50613 25.2606 0.0260592
364431 266 291 0.0644759 1.34831e-05 197.665 5.69746 30.2093 0.0234117
327147 266 294 0.0863756 1.58132e-05 319.623 7.73651 36.6352 0.0257753
346272 266 296 0.0598734 1.601e-05 238.145 7.58058 29.4329 0.0130981
43493 266 297 0.0734653 2.37185e-05 272.278 9.93482 24.3354 0.0254143
472703 266 298 0.0908067 2.92487e-05 272.619 13.6122 20.0469 0.0441656
439602 266 299 0.0682241 1.47811e-05 219.072 6.88795 31.0279 0.00999278
145036 266 300 0.080498 1.83614e-05 229.551 7.75294 26.3007 0.0126192
309127 266 301 0.072669 2.08295e-05 288.534 10.0345 28.9053 0.0179456
284952 266 302 0.0813124 2.3972e-05 154.881 8.17407 16.6539 0.0209244
326723 266 303 0.0992977 3.6298e-05 598.201 27.3654 23.415 0.023307
380657 266 305 0.0986274 2.07562e-05 294.775 9.04254 28.645 0.0136436
285481 266 306 0.086503 1.83249e-05 229.579 7.37809 26.832 0.0166158
344087 266 308 0.0704308 1.68164e-05 237.959 7.85215 28.6823 0.0150456
398090 266 309 0.0503187 1.29616e-05 297.55 6.75146 37.8063 0.0475788
394383 266 310 0.0933824 1.93112e-05 211.895 8.06424 23.2891 0.0281028
345906 266 311 0.0515356 1.33561e-05 269.161 6.52861 36.4633 0.00956375
344806 266 312 0.0684762 1.48609e-05 281.439 6.87938 34.4299 0.011561
280924 266 313 0.0636553 1.73465e-05 291.379 8.56172 31.7294 0.0113113
294914 266 316 0.0715865 1.87384e-05 236.147 7.70264 26.1847 0.0100841
322610 266 317 0.033335 1.25556e-05 298.514 5.86986 42.1443 0.0162631
143010 266 318 0.0986872 1.44038e-05 284.683 6.80557 36.6805 0.0183151
316750 266 320 0.0600489 1.58877e-05 246.054 7.29509 32.8072 0.017145
449638 266 323 0.054143 1.57848e-05 272.736 7.0208 34.6996 0.0151652
296700 266 324 0.0471389 1.26524e-05 286.194 6.06956 39.2045 0.0121149
344913 266 327 0.0570691 1.39409e-05 240.41 6.50452 32.2172 0.0128418
394401 266 328 0.0947774 1.86893e-05 229.059 7.73873 26.3991 0.0257955
316769 266 329 0.0967724 2.50918e-05 259.736 9.99278 22.6972 0.0192535
448246 266 331 0.0887236 2.76786e-05 186.583 7.62504 22.6379 0.03403
358544 266 332 0.0832867 1.66243e-05 263.348 7.79223 30.2393 0.0137241
310162 266 333 0.0732316 1.56343e-05 153.659 6.13694 24.9055 0.0137829
382184 266 334 0.0751606 1.91491e-05 308.532 8.27717 31.0772 0.0177319
242828 266 335 0.0699935 1.43905e-05 267.518 7.44098 32.3433 0.0185352
343908 266 337 0.0695261 1.3556e-05 225.149 5.92965 34.0637 0.0137082
346127 266 338 0.0504315 1.11041e-05 197.862 5.0746 36.548 0.0176519
435036 266 339 0.065988 1.44463e-05 243.286 6.64797 31.7527 0.0143726
342146 266 340 0.0779874 1.36934e-05 174.43 7.10307 26.4655 0.0136447
480487 266 341 0.0660184 2.2252e-05 309.266 9.19958 28.6132 0.0485539
260030 266 342 0.0293382 8.2719e-06 276.313 4.38816 50.1766 0.00611956
288553 266 344 0.0742991 1.41831e-05 228.232 6.25246 32.7185 0.0556301
286682 266 345 0.0538201 1.55322e-05 315.247 7.89928 38.4564 0.00834063
173530 266 346 0.0634937 1.40258e-05 262.489 6.92818 31.3904 0.0124015
142847 266 348 0.0623094 1.57876e-05 201.144 6.73571 30.3227 0.0196339
41938 266 349 0.0892986 1.69216e-05 234.216 6.36458 31.2825 0.0328863
97864 266 350 0.0462945 1.16631e-05 199.299 5.13813 38.4717 0.0289088
449629 266 351 0.0627644 1.91009e-05 202.234 8.45485 23.1227 0.0111843
142779 266 353 0.0623374 1.44144e-05 201.242 6.56928 29.7033 0.0160566
472441 266 355 0.0773485 1.64869e-05 310.401 7.75296 36.2999 0.0433442
239862 266 356 0.0566054 1.08906e-05 206.223 4.70223 39.2775 0.00969862
288887 266 357 0.0824927 1.95621e-05 266.801 10.0446 36.1045 0.045771
386784 266 358 0.0989842 2.21686e-05 211.15 9.07124 27.088 0.03126
295566 266 361 0.0739271 1.80512e-05 320.04 8.31093 33.6899 0.0112118
318843 266 367 0.0749053 1.48885e-05 221.974 6.13476 30.0292 0.0121508
363534 266 368 0.0871908 1.9014e-05 298.367 8.59883 29.4374 0.0258722
179562 266 369 0.0620657 1.40832e-05 265.892 6.64268 37.2637 0.016236
361477 266 370 0.076489 1.55842e-05 263.107 7.42002 36.3472 0.00935679
472821 266 371 0.088577 2.1923e-05 233.371 8.73512 22.2812 0.0401097
263135 266 373 0.0565891 1.52159e-05 214.713 7.06032 28.6143 0.0436942
316406 266 374 0.0643798 1.46721e-05 199.448 6.3841 30.3672 0.0170729
434031 266 375 0.0515404 1.42365e-05 195.356 6.14761 28.2008 0.0188785
311864 266 376 0.0470055 1.21157e-05 268.685 5.44866 42.9568 0.00903515
358680 266 379 0.0639413 1.77702e-05 201.141 7.66415 25.5919 0.0302527
346292 266 380 0.060313 1.52546e-05 231.35 6.63969 30.697 0.0144398
344426 266 381 0.070919 1.25555e-05 207.493 5.52377 33.1226 0.0120848
386944 266 382 0.0858461 2.46023e-05 179.08 10.792 17.319 0.0293669
451263 266 383 0.0937089 2.01953e-05 295.172 9.52415 26.9407 0.00935379
505568 266 384 0.0622674 1.49636e-05 371.618 7.9717 41.1239 0.0184787
137455 266 386 0.0625157 1.02105e-05 249.305 4.46637 46.782 0.0484939
139474 266 387 0.0634993 1.38523e-05 357.64 6.54985 43.9166 0.0468876
366695 266 389 0.0584654 1.31777e-05 232.72 5.78691 34.3125 0.0178242
380888 266 390 0.0747755 1.65719e-05 215.883 7.04842 26.3816 0.0141463
167002 266 391 0.0495769 1.17746e-05 204.894 4.82926 38.04 0.0135383
425230 266 392 0.0735605 1.62508e-05 216.43 7.85759 26.6068 0.0154137
173921 266 393 0.064267 1.83647e-05 230.6 7.30506 26.8752 0.013553
361753 266 394 0.0745125 1.59246e-05 263.012 8.08943 31.2273 0.0129657
247812 266 395 0.0793683 1.77323e-05 192.953 7.7373 24.9981 0.0192122
293836 266 399 0.0463015 1.22125e-05 228.979 5.36354 36.6416 0.00899274
346876 266 401 0.0807791 1.22422e-05 292.434 7.19074 38.0929 0.0137893
313063 266 402 0.0461925 1.10912e-05 254.402 5.30211 40.9818 0.00649381
307154 266 403 0.0535539 1.51186e-05 265.292 7.19887 33.9514 0.0357631
137850 266 404 0.0774518 1.68828e-05 229.659 7.15579 30.0988 0.0481529
172392 266 405 0.0642393 1.00471e-05 188.966 4.44419 39.5035 0.015389
44903 266 406 0.0273026 8.38104e-06 292.254 4.54176 53.4732 0.0357242
89936 266 408 0.0525676 1.24269e-05 223.421 5.53124 36.0711 0.0658042
473309 266 409 0.0891292 1.96059e-05 150.58 7.02156 21.8641 0.0440962
292218 266 410 0.0513485 1.12155e-05 234.595 4.8561 37.3618 0.0177517
311764 266 411 0.0476285 1.06898e-05 245.24 4.80327 45.2967 0.0084037
310368 266 412 0.0722105 1.1744e-05 175.344 5.36106 30.1318 0.0152955
288151 266 414 0.056097 1.20634e-05 202.909 5.25221 35.0875 0.061807
445467 266 415 0.0335628 1.16401e-05 239.316 5.60379 39.5109 0.0186636
313595 266 416 0.0725582 1.68786e-05 270.898 7.97363 30.2784 0.0105629
95173 266 418 0.0968162 3.00073e-05 234.094 11.8332 15.9117 0.0242865
380932 266 419 0.073027 2.1993e-05 199.322 9.00765 20.2016 0.0137001
288903 266 420 0.0839909 1.65944e-05 275.894 7.23539 32.8966 0.0500117
295640 266 421 0.0461773 1.2676e-05 269.41 6.41114 37.908 0.0105376
259823 266 422 0.0958396 1.77868e-05 278.222 7.76905 30.2352 0.0123911
384653 266 423 0.061189 1.43243e-05 211.13 6.31918 29.9891 0.00987755
361443 266 424 0.0820817 1.92391e-05 226.703 8.52074 24.4508 0.0123292
41969 266 426 0.0789759 1.52278e-05 312.251 6.22792 41.015 0.0264491
285183 266 427 0.0853738 1.89282e-05 222.475 8.03131 26.3619 0.0230921
174296 266 428 0.0594002 1.42838e-05 262.37 6.63618 32.1869 0.0201987
421393 266 429 0.0993291 1.98392e-05 225.481 8.79293 22.3984 0.0172874
442822 266 430 0.0943013 2.19076e-05 245.93 8.79981 23.4853 0.0197567
343402 266 432 0.07115 1.527e-05 307.686 6.59113 39.2575 0.0132198
438790 266 433 0.0942402 2.14776e-05 211.642 8.83065 21.6228 0.0130416
278703 266 434 0.0529345 1.36544e-05 274.198 6.17697 38.1851 0.0367425
113858 266 436 0.0559639 9.60476e-06 263.544 3.9178 59.8767 0.0136677
89995 266 437 0.0529497 1.16264e-05 269.077 5.92019 39.0225 0.0513344
288681 266 438 0.0826929 1.72194e-05 225.952 7.44178 27.8936 0.0579968
380596 266 439 0.0953231 2.38734e-05 207.88 9.48083 20.0755 0.0119115
258862 266 440 0.0313842 1.16429e-05 228.603 4.95042 38.1069 0.0100214
97159 266 441 0.0858245 1.66007e-05 341.672 7.8779 36.8232 0.0159447
48116 266 443 0.0278347 9.03757e-06 231.055 4.38761 45.8332 0.0259684
359405 266 444 0.0294389 1.05527e-05 247.469 4.91221 43.6616 0.0211553
378487 266 445 0.0602031 1.31146e-05 291.277 7.04875 37.251 0.0112919
472841 266 446 0.0882969 2.16214e-05 201.076 8.83344 20.7177 0.0392394
290059 266 447 0.0575645 1.31313e-05 295.049 6.40228 39.7428 0.0417332
442581 266 448 0.0441559 1.28842e-05 270.261 6.19467 38.4159 0.00763783
89630 266 449 0.0742581 1.35734e-05 253.521 6.09857 36.2113 0.0421756
320356 266 451 0.062131 1.2917e-05 264.021 6.39862 36.0743 0.00958085
441480 266 452 0.0846994 1.32049e-05 128.755 6.97128 22.3228 0.0115317
441886 266 454 0.0450477 1.5996e-05 266.99 7.26423 33.4003 0.00800414
174513 266 455 0.0602584 1.77567e-05 225.27 7.53396 28.5771 0.0197921
381070 266 457 0.0709707 1.71528e-05 233.157 7.06615 27.4817 0.012056
424655 266 460 0.0908237 1.96365e-05 277.536 8.52648 28.0237 0.007919
440695 266 461 0.0688658 1.64345e-05 234.745 7.19548 28.7689 0.00807508
344746 266 462 0.0683286 1.63905e-05 239.049 7.7369 29.4098 0.0140731
345195 266 463 0.0694179 1.6793e-05 78.8676 7.29247 16.3993 0.00969637
394561 266 464 0.0886996 1.8182e-05 238.819 7.87919 25.1141 0.0271016
346082 266 465 0.0502783 1.6817e-05 201.241 7.34455 26.6951 0.0166722
248353 266 467 0.0747244 1.36262e-05 237.061 5.87815 34.2558 0.0120633
380029 266 468 0.0745018 1.48693e-05 203.528 6.41268 26.9092 0.018184
471984 266 469 0.0771899 2.05968e-05 192.317 10.4162 22.53 0.045156
173923 266 470 0.0638897 1.276e-05 287.442 5.58831 38.8643 0.00837241
344397 266 471 0.0735996 2.20799e-05 224.13 9.55752 23.7395 0.0130493
358738 266 472 0.0915773 2.20077e-05 273.719 9.37506 25.4848 0.0237867
363580 266 473 0.0854613 1.90192e-05 298.868 8.53388 30.7179 0.0284205
42242 266 474 0.0799092 1.63687e-05 218.883 7.22668 29.3892 0.0286192
139052 266 475 0.0421724 1.22585e-05 257.674 5.64422 39.8666 0.0517112
284459 266 476 0.0620491 1.60607e-05 192.293 7.43563 24.5166 0.0178699
384412 266 477 0.0607974 1.48307e-05 263.275 7.16626 34.2804 0.00703686
364468 266 478 0.0633812 1.54822e-05 252.833 6.69826 32.4999 0.0240899
96890 266 480 0.0845908 1.95408e-05 264.446 9.04684 27.2938 0.0196454
359287 266 481 0.062149 1.56453e-05 262.264 6.61449 34.8052 0.0290213
233081 266 482 0.0608685 1.25992e-05 208.927 5.12205 34.5755 0.0508581
137904 266 483 0.0773508 2.08942e-05 222.183 9.29142 24.4479 0.0465463
383740 266 484 0.0424975 1.17264e-05 204.271 5.3923 34.8402 0.016847
342067 266 485 0.0691344 1.49854e-05 192.799 6.78016 26.8061 0.0155987
172640 266 487 0.0469388 1.15206e-05 288.726 5.91343 45.9055 0.0129116
306546 266 488 0.0941062 1.53308e-05 244.226 6.79219 30.6268 0.0457553
449623 266 489 0.0608881 1.90896e-05 219.441 8.43608 23.8398 0.0115943
310387 266 490 0.0722982 1.29194e-05 252.467 5.83737 36.5694 0.0137208
231246 266 491 0.0722995 1.64716e-05 166.603 6.51933 25.1201 0.0464066
341455 266 492 0.051583 1.22598e-05 213.889 5.80984 36.1206 0.00965459
368619 266 493 0.0763174 1.97872e-05 231.774 8.18374 25.3026 0.0543436
449307 266 496 0.100262 2.74334e-05 264.54 12.5511 19.471 0.0471761
480460 266 497 0.071196 2.23346e-05 181.941 8.52985 19.9526 0.0575868
97097 266 499 0.0986044 1.66143e-05 208.304 6.9535 26.2506 0.0203573
435202 266 501 0.0675582 1.57629e-05 210.49 6.15021 28.0788 0.0134775
143846 266 503 0.0460541 1.12244e-05 273.991 5.28282 46.7307 0.0268673
480328 266 504 0.0633545 1.708e-05 213.239 8.26771 26.717 0.0343646
472730 266 505 0.0899074 3.93466e-05 205.677 12.1682 15.1206 0.0487166
310180 266 506 0.0721346 1.74886e-05 263.316 8.76587 29.8217 0.0144629
472426 266 507 0.0908566 2.24138e-05 192.143 9.11307 20.977 0.0383865
442258 266 508 0.0431448 1.24331e-05 254.502 5.84546 36.7113 0.00900892
424851 266 509 0.0733823 1.47553e-05 236.29 6.70354 30.1275 0.0142901
89639 266 510 0.0748876 1.37884e-05 229.228 5.72313 33.3384 0.0456077
96733 266 511 0.0990172 2.09995e-05 228.692 8.11571 22.7222 0.0192934
379804 266 512 0.0741107 1.59938e-05 227.779 7.17973 28.4711 0.0159244
394092 266 514 0.0874653 1.98375e-05 303.834 9.35733 28.3025 0.0230058
425098 266 515 0.0957077 2.11104e-05 252.634 9.71272 24.1331 0.0168923
283438 266 516 0.0483104 9.96574e-06 244.75 4.57067 48.3014 0.0183726
313713 266 517 0.0766484 1.71326e-05 197.326 7.63371 25.7818 0.00662975
244248 266 520 0.0757389 1.34147e-05 240.825 6.09164 35.6742 0.017859
313891 266 521 0.0714559 1.89337e-05 278.958 8.83001 27.7609 0.00979553
344428 266 522 0.0721334 1.357e-05 203.832 6.20757 30.4737 0.0108558
361399 266 523 0.0828746 1.58271e-05 238.406 8.23431 26.7432 0.00874642
284940 266 524 0.0631591 1.17983e-05 90.2327 8.85747 23.6647 0.0188706
48004 266 525 0.07967 2.16426e-05 147.575 8.14466 20.359 0.0254453
363795 266 526 0.0635715 1.37413e-05 242.744 6.22042 35.1713 0.03367
138159 266 527 0.0806919 1.87627e-05 172.323 7.09555 22.8224 0.0461165
284305 266 528 0.0503017 1.35728e-05 195.661 6.19438 30.9134 0.0231002
345834 266 529 0.0666746 1.52639e-05 233.562 6.80366 30.2896 0.0169969
140689 266 532 0.0469224 7.34123e-06 266.184 3.37753 72.4632 0.047286
318995 266 533 0.0735871 1.7669e-05 145.212 6.7414 19.579 0.0140442
174060 266 534 0.093673 1.83488e-05 267.481 8.60311 28.6387 0.0104672
283308 266 536 0.0793576 2.14312e-05 184.273 8.92595 22.2758 0.0181591
113954 266 538 0.0541236 8.56453e-06 222.109 3.99577 51.963 0.0108953
174151 266 539 0.0911029 2.11084e-05 236.096 8.85958 24.0271 0.0160744
315302 266 540 0.0515111 1.08399e-05 236.147 4.682 41.9888 0.00930316
450426 266 542 0.092791 2.47004e-05 185.298 9.20597 17.3058 0.0153453
284345 266 543 0.071639 1.40804e-05 202.242 6.56106 29.6945 0.0276877
382419 266 544 0.0749819 1.70947e-05 240.077 7.8188 28.3501 0.0152999
318004 266 546 0.0751838 3.1789e-05 275.049 13.6367 19.9757 0.00826528
307903 266 547 0.0948563 1.69705e-05 188.634 7.92043 24.2651 0.0377908
343826 266 549 0.0728144 1.49288e-05 169.142 6.41948 27.0011 0.0111458
97912 266 550 0.0474334 1.03169e-05 227.003 4.44528 44.5884 0.0254132
141945 266 552 0.0722452 1.40922e-05 225.132 6.09959 34.8578 0.0205552
306552 266 553 0.0932579 1.27409e-05 142.864 7.16691 23.3984 0.04897
138352 266 554 0.0408246 1.22111e-05 263.218 5.80981 43.1047 0.0465163
44171 266 556 0.0278673 1.01515e-05 210.188 4.45718 42.5436 0.0341081
289153 266 557 0.0815208 1.56762e-05 256.271 6.35496 34.5749 0.0494681
325197 266 558 0.0853918 1.86077e-05 216.312 8.07083 24.7427 0.0180527
174896 266 559 0.0624433 1.51836e-05 196.376 6.45376 27.3333 0.0212856
92918 266 560 0.0402399 1.18102e-05 189.933 5.28599 36.0588 0.0509877
314924 266 561 0.054999 1.21717e-05 226.655 5.49981 38.1943 0.0107539
177583 266 562 0.0322838 1.26111e-05 236.215 5.71588 43.5093 0.0119472
173591 266 563 0.0635024 1.36476e-05 212.388 5.55839 32.6747 0.014524
442228 266 564 0.0437351 1.11554e-05 229.834 5.34254 37.6946 0.0110171
287730 266 566 0.0570368 1.2505e-05 262.993 6.23098 38.0895 0.0450922
173664 266 568 0.0621826 1.8006e-05 125.634 8.27421 17.0317 0.0160392
345019 266 569 0.0581478 1.19905e-05 252.293 5.66309 37.3087 0.0103057
342518 266 570 0.0667863 1.39246e-05 228.634 6.19069 32.0168 0.0199879
249776 266 571 0.0728957 1.37788e-05 183.123 5.81025 30.6469 0.0162106
366613 266 572 0.0674232 1.51997e-05 258.104 6.98815 32.7449 0.0138658
386393 266 573 0.0850536 2.04308e-05 289.792 9.9142 26.9335 0.0213923
41447 266 574 0.0776179 1.17927e-05 228.672 4.87956 45.7976 0.0282459
316836 266 577 0.0583891 1.22776e-05 186.005 4.75652 33.2162 0.0208855
472213 266 578 0.0809607 2.26973e-05 306.392 9.20864 28.4667 0.0304352
343635 266 580 0.0333496 8.02039e-06 139.718 3.3191 43.7225 0.0122203
366599 266 581 0.0679802 1.37557e-05 206.538 5.69092 30.6732 0.0155634
111418 266 582 0.0739465 1.41404e-05 196.628 6.01687 32.2796 0.0279015
310037 266 583 0.0809921 1.55748e-05 274.288 7.71521 33.0811 0.0133423
248374 266 585 0.0381837 1.14395e-05 249.186 5.65457 38.9931 0.0105941
444869 266 586 0.0365581 1.13395e-05 198.08 5.17739 36.2873 0.0163846
