PLATEID	FIBERID	RA	DEC	PRIMTARGET	SECTARGET	Z	Z_ERR	Z_WARNING	V_DISP	V_DISP_ERR	SN_MEDIAN	E_BV_SFD	ZTWEAK	ZTWEAK_ERR	SIGMA_BALMER	SIGMA_BALMER_ERR	SIGMA_FORBIDDEN	SIGMA_FORBIDDEN_ERR	V_OFF_BALMER	V_OFF_BALMER_ERR	V_OFF_FORBIDDEN	V_OFF_FORBIDDEN_ERR	OII_3726_CONT	OII_3726_CONT_ERR	OII_3726_REQW	OII_3726_REQW_ERR	OII_3726_EQW	OII_3726_EQW_ERR	OII_3726_SEQW
911	391	202.543	-2.10501	96	0	0.0865733	2.13917e-05	0	233.452	8.60414	23.27	0.0403822	0	0	500	-0	1	-0	92.2752	91.2212	17.4241	23.5743	11.675	2.10778	1.33547	0.771954	-0.790461	0.771954	-0.718836
856	375	208.277	5.14974	6240	0	0.0788474	1.69532e-05	0	331.631	7.89657	34.5546	0.0250102	0	0	500	-0	500	-0	300	-0	300	-0	24.331	2.14889	1.25231	0.397281	-0.525503	0.397281	0.0215558
577	574	159.778	5.20977	96	0	0.0677152	3.71479e-05	0	297.368	15.6765	16.3634	0.0253437	0	0	500	-0	104.538	36.3978	300	-0	59.6471	31.6824	15.4247	3.79409	2.26578	1.10476	0.110987	1.10476	1.18158
518	563	184.421	3.65581	6240	0	0.076768	1.6522e-05	0	227.793	7.8844	26.4472	0.0165214	0	0	500	-0	273.911	54.7307	300	-0	147.197	54.2936	8.99638	1.25907	1.7882	0.617082	-0.287612	0.617082	4.07648
522	239	191.304	1.8048	96	0	0.047568	1.49228e-05	0	227.679	6.35456	30.5432	0.0228622	0	0	500	-0	256.897	52.3292	137.218	58.288	0.0013867	-0	18.1492	2.96768	0.976079	0.650284	-1.03185	0.650284	0.19491
840	337	177.472	5.70079	96	0	0.0743113	1.4322e-05	0	256.473	6.67642	32.9016	0.0141584	0	0	337.469	72.1316	271.964	40.3699	69.5934	68.3236	82.9818	42.6085	17.4194	1.70665	1.00173	0.393888	-1.50863	0.393888	0.056127
337	329	192.011	-1.65284	96	0	0.0880014	2.01884e-05	0	264.501	8.81559	25.199	0.028686	0	0	292.259	54.0544	229.492	35.5053	-42.5146	50.0862	-100.873	37.0671	12.1963	2.0125	0.951838	0.602728	-1.65607	0.602728	1.92279
311	306	227.107	-0.266291	96	0	0.0903211	1.66974e-05	0	243.604	7.03258	31.1928	0.0583149	0	0	101.631	29.7965	500	-0	27.239	25.4218	300	-0	15.7082	2.28791	1.11861	0.523825	-0.367262	0.523825	1.62678
587	268	220.178	3.46542	6752	0	0.0273424	7.98789e-06	0	257.156	3.49509	62.5052	0.033187	0	0	500	-0	65.0483	9.15627	181.375	39.6236	4.6961	6.6262	32.3992	2.81345	1.67818	0.307262	-0.0196591	0.307262	0.0105306
838	459	175.299	5.73474	6240	0	0.0974264	2.50203e-05	0	272.315	10.7561	22.1827	0.0268211	0	0	500	-0	303.94	57.055	300	-0	152.409	56.6181	9.835	1.81172	0.98027	0.726896	-1.13437	0.726896	-0.925159
842	581	182.57	5.38603	6240	0	0.0761677	1.99989e-05	0	249.374	8.79526	27.8278	0.0185455	0	0	500	-0	125.73	37.7055	300	-0	-57.3157	33.9207	15.9313	2.00246	1.40909	0.499545	-0.462657	0.499545	0.00949961
271	110	154.934	-0.638366	96	0	0.0935744	2.15929e-05	0	265.681	10.021	25.2115	0.0526983	0	0	1	-0	500	-0	-14.7665	27.9532	99.4596	138.119	10.6369	2.02706	2.35725	0.864768	1.10355	0.864768	1.89314
503	598	155.632	2.3608	96	0	0.0728156	1.16188e-05	0	249.409	5.2775	41.2284	0.0427914	0	0	500	-0	500	-0	300	-0	78.4062	92.1335	19.9695	1.75189	1.74062	0.358388	-0.351728	0.358388	2.51351
295	628	199.136	0.870285	96	0	0.0798575	1.74333e-05	0	212.241	6.73617	27.2777	0.0291613	0	0	500	-0	149.924	25.4328	300	-0	110.685	23.8129	11.4533	3.24472	-0.0356315	0.792498	-1.99194	0.792498	-1.89357
529	545	206.136	2.95409	96	0	0.0774436	1.28706e-05	0	252.453	5.83493	36.4282	0.0266112	0	0	301.835	36.4951	198.987	16.1805	-58.2058	33.5834	-15.591	17.8649	17.548	2.30334	-1.27588	0.413775	-3.29454	0.413775	-1.56203
1003	466	165.74	7.60386	96	0	0.0709089	1.54444e-05	0	260.907	6.41833	35.5921	0.0399082	0	0	500	-0	500	-0	300	-0	300	-0	20.0284	2.04515	1.25578	0.403251	-0.259824	0.403251	1.1673
336	610	192.309	-1.68739	96	0	0.0844001	1.84756e-05	0	242.514	8.12465	27.3328	0.0273371	0	0	123.021	12.4292	123.411	8.7777	-0.967706	11.3741	-8.96793	8.41217	13.5634	3.30991	-5.09964	0.707177	-5.90046	0.707177	-1.64454
533	192	213.636	1.73157	96	0	0.0530644	1.43015e-05	0	241.154	6.36485	35.6425	0.0526303	0	0	500	0	324.007	44.6321	64.0911	64.5014	114.665	45.0828	20.2527	2.31444	0.159589	0.501865	-1.92798	0.501865	0.824459
529	66	206.107	2.10993	96	0	0.0721228	1.36826e-05	0	352.601	7.31616	44.9814	0.0240169	0	0	500	-0	500	-0	102.323	74.593	87.7782	87.3326	39.4867	2.41539	1.47137	0.24832	0.251238	0.24832	0.370382
1628	89	189.735	6.15838	96	0	0.0737898	1.50484e-05	0	243.51	6.97641	32.9514	0.0219068	0	0	232.681	19.0623	201.022	10.7153	145.657	18.3207	188.61	12.6511	13.6428	1.97521	-6.56092	0.557579	-8.38507	0.557579	-2.35869
481	251	147.955	1.1339	96	0	0.0640329	1.21805e-05	0	160.061	4.60227	31.3347	0.0616479	0	0	69.5762	15.8325	99.6525	11.185	32.6792	11.964	33.0078	9.95452	16.7501	2.24799	-1.49379	0.54222	-3.57877	0.54222	-0.26269
839	635	177.888	5.10147	96	0	0.0759878	1.45924e-05	0	274.611	8.18214	30.5112	0.0205196	0	0	135.643	6.59544	177.046	7.45718	0.00354729	-0	31.8065	7.43372	23.5185	3.34387	-1.52854	0.455093	-2.7067	0.455093	-1.46906
590	568	228.221	4.514	96	0	0.0369949	1.50916e-05	0	288.558	6.98685	36.7966	0.0504995	0	0	500	0	402.972	66.0018	300	0	267.877	67.3726	63.8128	8.70863	0.808292	0.506393	0.107638	0.506393	-0.415667
911	466	202.795	-1.73029	96	0	0.0836522	1.57967e-05	0	227.765	6.82604	29.5429	0.0395813	0	0	500	0	331.992	77.8953	300	0	244.901	77.15	16.095	1.90557	1.40899	0.510744	-0.532892	0.510744	1.14452
583	391	212.885	4.86884	96	0	0.0952384	1.87725e-05	0	186.825	7.69963	20.6601	0.0255702	0	0	145.976	16.0297	195.14	10.4577	27.8772	14.9281	11.3328	11.7682	9.42524	1.73786	-6.82342	0.756051	-8.59675	0.756051	-1.77292
504	540	157.246	3.12434	96	0	0.0725595	1.64022e-05	0	326.715	8.76476	34.788	0.0441006	0	0	500	-0	268.147	29.8731	242.404	45.2973	161.265	29.3888	24.4901	2.3017	0.0932494	0.375564	-1.38405	0.375564	-0.648731
589	56	226.549	3.14257	96	0	0.0424668	1.28536e-05	0	261.638	5.70181	37.5053	0.0448304	0	0	500	0	348.81	89.8096	300	0	300	0	36.8758	3.24794	2.30021	0.403798	0.545713	0.403798	3.1608
511	483	170.386	2.88726	96	0	0.048832	1.13438e-05	0	256.914	5.17897	41.1331	0.046641	0	0	500	0	423.728	93.4269	300	0	300	0	35.1361	2.66718	1.79585	0.304174	0.0465199	0.304174	3.82424
592	60	231.988	3.37415	96	0	0.0840444	1.75945e-05	0	251.165	7.56582	29.6704	0.0584125	0	0	500	-0	113.1	20.7799	300	-0	29.5008	18.3765	12.836	2.26308	1.93226	0.706091	0.178355	0.706091	1.09857
1228	588	181.347	10.3795	96	0	0.0948768	1.76892e-05	0	265.309	8.1957	28.378	0.0197938	0	0	500	-0	500	-0	300	-0	300	-0	16.0391	1.80629	2.277	0.484399	0.0603761	0.484399	4.18076
1195	276	139.967	7.02659	96	0	0.0792737	1.7831e-05	0	231.761	8.05193	25.6989	0.0417729	0	0	500	-0	269.029	59.2597	300	-0	300	-0	13.4021	2.2297	-0.121125	0.610932	-2.03491	0.610932	-1.74978
844	280	183.737	5.04247	96	0	0.0789634	1.94092e-05	0	145.751	9.13678	17.1257	0.0205697	0	0	151.131	13.9074	140.562	8.38747	-7.86285	12.9208	0.883106	8.3213	6.47842	2.18737	-8.40853	1.19461	-9.34493	1.19461	-2.35862
1228	498	180.355	10.6379	96	0	0.0623814	1.32159e-05	0	204.639	5.51133	33.8519	0.0257729	0	0	124.538	40.8546	148.303	42.8079	75.0751	36.6057	130.095	40.9411	28.0737	2.26063	1.91128	0.359157	-0.393062	0.359157	1.90905
578	396	159.77	4.64748	96	0	0.0687067	1.50446e-05	0	265.021	7.03547	34.1866	0.0275796	0	0	500	-0	500	-0	300	-0	300	-0	17.2686	1.88385	1.18658	0.476819	-0.457478	0.476819	1.81737
568	157	141.653	3.46055	96	0	0.0884457	1.69938e-05	0	240.245	7.99815	29.6588	0.0344488	0	0	500	-0	500	-0	300	-0	300	-0	13.135	1.88979	0.580739	0.577616	-0.657946	0.577616	1.41486
841	348	178.433	5.54717	64	0	0.0806779	2.59154e-05	0	78.0676	8.90809	13.3198	0.0166315	0	0	55.3719	7.08745	48.0756	12.1622	22.6774	5.09295	25.8047	8.09081	5.11264	1.54599	-0.979391	1.20449	-3.09029	1.20449	-2.55753
506	351	159.831	2.32177	96	0	0.0828007	1.63581e-05	0	278.764	7.49345	31.1799	0.03353	0	0	500	-0	410.272	127.537	300	-0	300	-0	13.775	1.59163	2.64943	0.514751	0.600918	0.514751	5.34674
474	223	140.652	-0.409027	96	0	0.0540149	1.43514e-05	0	237.393	5.88327	34.7437	0.0287962	0	0	500	-0	500	-0	300	-0	300	-0	17.1273	1.78478	1.62375	0.454013	-0.455849	0.454013	-0.377722
590	217	227.498	3.00307	96	0	0.0920199	1.86273e-05	0	270.097	8.66176	28.5169	0.0429987	0	0	500	0	484.072	108.207	300	0	300	0	14.5309	1.99902	1.13364	0.555832	-0.487086	0.555832	0.329674
849	56	196.226	3.82448	96	0	0.0409963	1.12946e-05	0	108.379	5.6662	31.4939	0.0292114	0	0	74.0449	0.972715	78.0657	1.90579	-2.81765	0.891867	-6.07435	1.63635	32.237	4.93134	-2.86022	0.465921	-3.78376	0.465921	-0.992245
268	354	148.408	0.588784	96	0	0.0917737	1.98809e-05	0	274.077	8.34038	28.8997	0.0524572	0	0	476.895	69.7922	334.121	43.3198	-24.4714	61.5868	122.989	45.574	12.0635	1.86903	-0.131121	0.590931	-2.21222	0.590931	1.62746
341	550	200.759	-1.7114	96	0	0.0852151	1.51923e-05	0	197.561	6.49823	27.3287	0.0300584	0	0	500	-0	156.758	42.245	300	-0	-90.4413	39.4132	10.3952	1.76864	1.3992	0.643237	-0.951707	0.643237	1.52371
918	152	217.052	-2.52001	96	0	0.0531634	1.3423e-05	0	192.55	5.79916	32.0677	0.0598606	0	0	1	2081.73	500	-0	-206.709	30.4962	204.488	88.6557	18.4961	3.16603	0.349117	0.646902	-1.91681	0.646902	-4.22528
516	36	181.113	1.896	96	0	0.0197187	8.93326e-06	0	291.943	4.27804	57.8861	0.0269138	0	0	500	-0	500	-0	300	-0	55.465	69.8987	76.7402	7.22314	0	-1	0	-1	0
568	624	142.745	3.80771	96	0	0.0889821	1.83757e-05	0	275.529	8.11217	28.3941	0.0432813	0	0	500	-0	196.041	28.7345	300	-0	61.0638	26.7912	16.4945	2.15347	1.32531	0.551095	-1.46187	0.551095	1.66147
518	382	183.031	2.92393	96	0	0.0754622	1.20237e-05	0	191.217	5.42205	32.5819	0.0167812	0	0	96.437	26.4182	150.399	26.2328	32.6114	22.5124	2.05002	26.7517	20.2655	1.7592	1.04798	0.367879	-1.24638	0.367879	0.0318089
272	480	155.884	0.17373	96	0	0.0956624	1.96051e-05	0	277.786	8.42231	28.495	0.045893	0	0	500	-0	1	-0	300	-0	-61.7001	17.2007	13.6127	1.83159	1.61487	0.558276	0.00403738	0.558276	0.147164
468	627	134.521	1.15374	96	0	0.0712326	1.48778e-05	0	243.425	6.45034	34.4353	0.0466745	0	0	500	0	323.754	41.8547	300	0	71.4	39.1994	16.9005	2.1509	1.29322	0.504067	-0.517388	0.504067	1.1968
506	211	160.445	1.38695	96	0	0.0720726	1.28445e-05	0	309.917	6.32451	42.6685	0.0420672	0	0	500	-0	165.939	31.2737	300	-0	43.4299	31.1614	29.1399	2.81919	0.0636049	0.32522	-1.49657	0.32522	0.0779332
847	61	192.973	4.5798	96	0	0.0644892	1.55886e-05	0	291.05	7.34877	35.2988	0.0375228	0	0	500	-0	167.813	41.0891	300	-0	64.6668	39.0377	27.1462	2.79775	1.62197	0.438138	-0.153515	0.438138	1.58879
1228	377	180.06	10.6968	96	0	0.0611843	1.29348e-05	0	207.769	5.57992	33.2589	0.0264345	0	0	169.652	20.6895	144.435	26.5981	23.1132	19.321	34.9153	25.5105	23.0956	2.37259	0.878757	0.433557	-1.37022	0.433557	0.495832
506	478	160.498	2.63031	96	0	0.0779617	1.48019e-05	0	268.063	7.02165	35.2408	0.0382896	0	0	500	-0	500	-0	300	-0	300	-0	18.9152	1.77945	1.80936	0.403427	-0.255691	0.403427	2.20166
583	629	214.964	5.0611	96	0	0.0874708	2.19263e-05	0	217.22	9.22803	21.6384	0.0296684	0	0	500	-0	53.5258	34.4608	183.865	76.2986	78.3475	23.6072	11.0154	2.31513	1.64659	0.834809	-0.592658	0.834809	0.110887
269	624	152.105	0.175919	96	0	0.0955293	2.02422e-05	0	265.315	9.17026	26.4601	0.0288279	0	0	500	-0	63.2495	55.6282	300	-0	-59.173	37.279	14.0818	2.31802	1.58831	0.587392	0.0164737	0.587392	0.722479
521	600	190.677	2.7843	96	0	0.0865387	1.33711e-05	0	295.834	6.32603	40.7979	0.0270933	0	0	500	0	479.377	87.5999	300	0	300	0	22.174	1.53089	1.51723	0.304556	-0.32071	0.304556	1.30578
590	41	228.313	2.8169	96	0	0.101113	2.37393e-05	0	218.301	10.4157	19.444	0.0400317	0	0	359.242	103.637	74.7038	40.5592	-4.29769	100.864	122.694	27.0189	8.20365	1.86699	2.00456	0.912527	0.475596	0.912527	2.25153
846	528	190.017	6.02142	96	0	0.0756128	1.67688e-05	0	239.346	7.94392	28.3658	0.024322	0	0	500	-0	423.398	67.7878	300	-0	88.4132	70.0559	12.3864	1.58121	2.56807	0.540753	0.140201	0.540753	7.84574
311	281	226.688	-1.23171	96	0	0.0711408	1.54724e-05	0	272.454	7.17772	35.8901	0.0700132	0	0	500	0	359.256	50.9626	300	0	255.243	51.1145	22.7101	2.93228	0.93166	0.482528	-0.812318	0.482528	0.451721
344	477	241.057	0.0535441	96	0	0.0590963	1.51456e-05	0	251.445	6.7198	33.7467	0.155659	0	0	186.441	14.5065	181.205	8.61016	6.21323	13.6953	22.8292	9.36289	20.4126	4.02018	-7.95356	0.701989	-8.88616	0.701989	-4.48218
1824	44	212.022	5.41752	96	0	0.0870174	1.94811e-05	0	320.839	9.22543	30.3179	0.0224259	0	0	500	-0	500	-0	300	-0	300	-0	15.6986	2.36289	2.42847	0.558273	0.705336	0.558273	5.5582
1189	28	134.17	5.89649	96	0	0.093901	2.32415e-05	0	236.645	9.10713	21.156	0.0546422	0	0	78.5017	61.8099	379.655	60.6454	72.8428	46.8548	271.476	65.4683	10.1522	2.21838	1.08073	0.836807	-1.03905	0.836807	-3.81965
364	409	246.004	0.790895	96	0	0.0574319	1.02805e-05	0	210.179	4.36363	44.0118	0.0853244	0	0	500	-0	500	-0	300	-0	255.291	91.9222	22.9394	1.94143	2.11551	0.352832	0.187164	0.352832	2.02134
590	161	227.811	3.49876	96	0	0.0769092	1.85471e-05	0	249.072	7.90357	28.7968	0.0461611	0	0	500	-0	376.597	68.1233	14.5493	92.1969	-107.015	70.254	16.6365	2.8429	1.42423	0.623882	-0.103441	0.623882	7.29097
1220	414	165.189	10.5532	6752	0	0.0338405	1.28273e-05	0	293.254	6.17055	41.342	0.0287762	0	0	500	-0	500	-0	300	-0	8.17239	95.4188	34.9531	3.04493	1.28341	0.358173	-1.01599	0.358173	2.02193
271	168	154.453	-0.0307648	64	0	0.0635859	1.79329e-05	0	312.423	9.11474	35.9737	0.0456879	0	0	500	0	419	51.3446	271.525	70.7043	173.701	56.4441	18.7579	2.71664	-1.28453	0.520386	-1.68762	0.520386	-0.675494
835	137	168.681	4.02452	96	0	0.0416722	1.00514e-05	0	241.214	4.65227	48.02	0.0482129	0	0	208.431	24.7893	157.514	15.0712	-28.012	23.455	-46.7632	16.1263	40.836	5.05658	-2.06302	0.347139	-3.33443	0.347139	-0.756266
339	346	195.143	-2.13406	96	0	0.0851579	1.84925e-05	0	251.582	7.57979	26.2115	0.0220497	0	0	500	-0	289.096	56.7264	300	-0	287.899	57.2195	12.2545	1.99559	2.16971	0.652796	-0.138388	0.652796	0.724488
844	257	184.369	4.18332	96	0	0.0791474	1.93162e-05	0	198.6	7.50259	24.7178	0.0189267	0	0	181.641	17.4467	177.058	12.01	122.694	16.5012	90.7204	12.21	12.6328	2.40632	-2.715	0.710709	-4.42718	0.710709	-2.48603
919	357	217.75	-1.80042	96	0	0.053889	1.68088e-05	0	208.652	7.04236	29.3933	0.0432768	0	0	500	0	423.989	91.5887	300	0	300	0	13.6484	2.57438	1.19146	0.692767	-0.49233	0.692767	1.51541
843	501	183.665	5.46776	96	0	0.0777982	1.6588e-05	0	230.03	7.45384	28.0185	0.0190739	0	0	132.203	39.9113	84.0967	31.4708	-38.4217	36.4902	110.387	25.8397	16.5471	2.14416	1.26097	0.510468	-0.760786	0.510468	0.151993
926	105	236.031	-1.90784	96	0	0.0987492	1.91309e-05	0	236.933	7.47362	26.8828	0.143517	0	0	203.673	51.3672	342.103	47.0301	29.2384	49.2492	98.7628	47.0503	12.0564	2.51359	1.26503	0.85977	-0.664117	0.85977	1.75689
593	410	232.663	3.494	96	0	0.0865164	1.6719e-05	0	275.983	7.39247	31.2053	0.0521765	0	0	500	-0	500	-0	300	-0	300	-0	14.5934	1.65572	1.14099	0.56077	-0.410657	0.56077	-0.30372
591	236	228.974	3.05031	96	0	0.0379254	9.92382e-06	0	213.523	4.72987	41.5174	0.050448	0	0	173.116	21.0386	162.065	12.6795	22.6149	18.7363	34.9594	11.8648	28.8377	4.16692	-0.0395675	0.509928	-1.61409	0.509928	0.413243
912	161	204.902	-2.67815	96	0	0.0923669	2.32735e-05	0	207.15	8.75819	21.2932	0.0449717	0	0	419.56	94.9362	418.776	62.8628	-68.4415	92.483	300	0	10.432	2.40549	-1.92816	0.864127	-2.72598	0.864127	0.516183
519	331	184.881	3.14147	64	0	0.0755922	1.80479e-05	0	260.642	7.99605	27.4283	0.0179948	0	0	500	-0	500	-0	300	-0	300	-0	12.4076	1.96176	1.23543	0.585862	-0.578324	0.585862	-1.01705
534	541	216.198	2.66442	6752	0	0.053501	1.14296e-05	0	240.829	5.45975	40.8135	0.0348375	0	0	225.724	15.693	140.965	6.77556	52.4651	14.8887	52.6462	6.75184	23.0458	2.23361	-3.529	0.375873	-4.96778	0.375873	-1.97028
1237	433	153.027	8.69253	96	0	0.098442	2.50143e-05	0	234.173	9.4968	20.3974	0.0300163	0	0	40.6151	41.5717	500	-0	-201.484	23.9009	-22.253	105.615	9.20825	2.18794	-0.245163	0.942437	-1.78955	0.942437	1.57035
914	233	208.215	-2.60848	96	0	0.0751	1.38979e-05	0	316.546	7.71779	36.9719	0.0463262	0	0	123.896	8.10361	123.9	5.00802	27.2802	7.41984	28.0017	4.98225	17.4314	2.68265	-11.3035	0.605671	-13.2619	0.605671	-4.99928
510	508	168.926	2.89231	64	0	0.0772957	1.89751e-05	0	151.895	9.38021	18.7358	0.0516274	0	0	132.005	6.32001	115.1	8.3555	32.6409	6.10571	26.9485	7.83333	10.1315	2.34921	-3.50269	0.903241	-4.69706	0.903241	-3.89493
582	612	212.587	5.27109	96	0	0.0908175	2.19008e-05	0	244.907	10.2577	23.0861	0.0259647	0	0	500	0	274.293	47.5767	300	0	-158.571	50.9124	10.5633	1.9621	-0.695888	0.733258	-3.15357	0.733258	-3.32765
272	559	156.589	0.488229	96	0	0.097755	1.78537e-05	0	220.063	7.66866	25.2533	0.0528833	0	0	500	-0	500	-0	300	-0	300	-0	10.8429	1.59349	2.53202	0.602985	0.250181	0.602985	5.35336
481	159	148.422	1.70067	6752	0	0.098372	1.95586e-05	0	290.008	9.40128	28.8316	0.0254261	0	0	500	-0	106.748	34.3002	300	-0	19.9568	29.4211	12.4389	1.6572	1.19696	0.475629	-0.587568	0.475629	0.954529
272	184	155.898	-0.221528	96	0	0.0953293	1.75564e-05	0	259.97	7.0168	29.4528	0.0656244	0	0	500	-0	116.422	36.0875	300	-0	-35.4939	32.8759	15.3826	2.17086	1.08379	0.541764	-0.664505	0.541764	-0.529468
337	267	192.428	-3.12267	96	0	0.0895129	2.27019e-05	0	287.649	10.2618	25.2568	0.0239614	0	0	500	0	465.042	127.263	300	0	300	0	13.5109	2.32137	0.351279	0.706019	-0.903439	0.706019	0.472929
313	25	232.303	-0.252197	96	0	0.0885448	1.92254e-05	0	250.275	7.89724	25.7367	0.0921686	0	0	500	0	490.415	114.045	300	0	300	0	13.0899	2.24433	2.24313	0.76812	0.142094	0.76812	-0.637839
344	490	241.315	0.138098	96	0	0.0606534	1.57513e-05	0	260.147	6.84466	35.3694	0.212603	0	0	500	-0	224.299	23.704	300	-0	145.894	23.3814	24.591	4.32261	-0.771203	0.657019	-1.90791	0.657019	-1.30348
345	594	243.155	0.37997	96	0	0.0431447	1.01687e-05	0	153.631	4.02047	40.5425	0.133843	0	0	147.327	25.929	286.245	38.7746	-41.8693	22.8354	160.034	39.5323	25.335	3.61384	0.664636	0.549497	-0.960308	0.549497	-0.104234
855	379	207.382	5.52738	96	0	0.0808386	1.75831e-05	0	225.888	7.21686	26.3845	0.0240446	0	0	184.012	21.223	170.11	15.4065	-3.90226	20.1097	-1.93422	15.8493	13.5787	2.4958	-1.83411	0.591807	-3.25776	0.591807	-0.114556
1224	35	175.401	9.61395	96	0	0.0772898	2.78664e-05	0	208.84	11.0286	18.1549	0.0399253	0	0	90.9091	51.4441	422.979	111.529	-33.4333	42.0755	300	-0	9.0956	2.70902	2.32691	1.13817	0.254003	1.13817	5.94598
302	125	211.912	-0.955326	96	0	0.0538504	1.36476e-05	0	260.207	5.87861	38.3965	0.0534429	0	0	228.264	22.3782	168.325	13.1782	65.109	20.9236	54.3416	13.0057	19.6695	3.23079	-1.59587	0.511961	-3.19152	0.511961	0.192074
911	274	202.191	-2.25341	96	0	0.0878845	2.12387e-05	0	241.554	8.55731	25.0296	0.0434499	0	0	500	-0	113.607	36.8844	300	-0	-173.411	32.2493	12.9791	1.94278	0.111031	0.70031	-1.75927	0.70031	-1.1555
1238	202	155.165	7.85942	96	0	0.0450938	1.03464e-05	0	226.312	4.60874	43.7929	0.0247698	0	0	500	-0	418.855	64.7459	300	-0	223.602	70.5871	29.7505	2.75829	2.82575	0.340225	1.13132	0.340225	6.85387
271	477	154.448	0.330301	96	0	0.0959576	1.8686e-05	0	173.453	8.15581	21.577	0.0396105	0	0	101.172	9.60948	113.15	8.74153	11.8058	8.48693	16.5763	8.03463	9.38861	2.34591	-1.66807	0.81302	-4.00053	0.81302	-0.459209
278	74	168.272	0.00304818	96	0	0.039636	1.13997e-05	0	250.73	5.33946	41.9239	0.0446629	0	0	500	-0	153.038	41.8633	164.927	74.742	52.6363	38.6391	40.0346	3.62549	2.13255	0.338811	0.420381	0.338811	1.7856
581	72	167.602	4.83004	96	0	0.0303661	7.04035e-06	0	115.829	5.62421	37.9829	0.0593938	0	0	90.806	0.959222	97.5288	1.94219	3.98455	0.92888	7.72769	1.76518	18.7432	3.40786	-4.635	0.547857	-4.6967	0.547857	-2.57209
1237	386	152.812	8.68582	96	0	0.0974404	2.86408e-05	0	254.944	11.4108	18.6242	0.0342914	0	0	20.142	104.678	1	-0	101.454	31.5653	177.97	20.0853	7.67042	2.1644	1.89277	1.20969	-0.738074	1.20969	0.743208
519	483	185.949	2.80748	96	0	0.0783864	1.50695e-05	0	287.944	7.03139	36.4929	0.0160717	0	0	500	-0	1	-0	300	-0	-51.9606	23.4258	19.1472	1.70138	2.17191	0.334118	0.401852	0.334118	0.5941
267	22	149.161	-0.35802	64	0	0.087761	1.76898e-05	0	240.419	7.35521	27.6331	0.0443074	0	0	500	-0	1	-0	300	-0	-50.7577	23.7804	11.7175	1.90814	1.14805	0.777385	-0.955322	0.777385	-1.40391
540	636	228.446	2.09804	96	0	0.039013	1.04082e-05	0	211.934	4.19791	40.3632	0.0469726	0	0	500	-0	176.587	34.5089	300	-0	-119.045	35.1457	29.5906	3.44094	-0.471198	0.399716	-1.44799	0.399716	0.00167255
1190	116	133.82	4.46781	96	0	0.0724435	1.34308e-05	0	225.845	6.06115	32.8142	0.0537784	0	0	500	-0	247.647	73.5833	300	-0	225.503	72.1183	23.5284	2.71514	1.37115	0.409088	0.214465	0.409088	1.37976
843	481	183.271	5.68968	96	0	0.0829713	1.56575e-05	0	230.097	7.01222	28.297	0.015785	0	0	500	-0	305.641	48.4841	300	-0	247.115	52.1154	17.0527	2.3929	-0.432175	0.496194	-1.58805	0.496194	0.402851
276	440	162.495	0.322309	96	0	0.0389986	1.07851e-05	0	279.101	4.7702	49.0234	0.0414259	0	0	500	-0	243.016	30.6879	216.639	42.1889	122.15	31.9725	42.3998	3.68103	0.415723	0.336016	-1.22399	0.336016	-0.95645
269	460	150.845	0.84048	96	0	0.098249	2.29754e-05	0	237.378	9.14293	21.6547	0.0236921	0	0	117.278	31.9059	131.341	22.9497	-93.2071	28.615	11.0053	21.4345	10.4121	1.91258	-0.921171	0.729614	-1.98045	0.729614	-1.18175
1185	430	125.745	4.2991	96	0	0.0969421	2.03627e-05	0	292.659	9.36197	26.7351	0.0278625	0	0	1	-0	58.7448	44.3084	50.5948	34.825	-19.8485	32.5524	13.9058	1.69168	1.20949	0.501349	-0.449191	0.501349	-0.106621
295	411	198.213	1.0018	96	0	0.0742565	1.26218e-05	0	202.855	5.39103	33.6114	0.0436483	0	0	188.859	26.8197	148.146	16.1856	-14.4289	25.1962	24.8837	16.9525	17.716	2.57714	-2.16167	0.47409	-4.12654	0.47409	-0.989887
468	547	134.293	1.41382	96	0	0.0691559	1.38834e-05	0	217.763	5.905	34.524	0.0401902	0	0	500	-0	500	-0	300	-0	300	-0	17.3754	2.291	1.64895	0.475862	-0.228973	0.475862	1.4657
343	27	240.306	-0.586521	96	0	0.0564475	1.73252e-05	0	130.658	7.68529	21.4146	0.173423	0	0	146.481	8.51153	157.528	10.3838	-3.62191	7.77004	1.0125	10.6829	9.33967	3.80683	-1.78909	1.59363	-4.59618	1.59363	-4.76302
269	399	150.776	0.454107	96	0	0.0451042	1.25699e-05	0	266.547	6.16039	37.6793	0.026025	0	0	500	-0	500	-0	300	-0	300	-0	30.0079	2.98706	2.37097	0.391233	0.431926	0.391233	1.03313
1184	494	123.882	3.84448	96	0	0.0863852	1.78694e-05	0	211.342	6.93846	25.3408	0.0219353	0	0	500	0	391.983	85.4682	275.901	113.644	163.634	85.6715	11.7593	1.69972	1.91298	0.588841	-0.189141	0.588841	1.55338
1220	160	165.326	9.28667	96	0	0.0361988	1.12765e-05	0	126.242	4.47752	31.4037	0.0259762	0	0	63.3785	16.3205	85.0363	13.7332	13.5089	11.8042	1.63742	11.3791	22.0778	3.67218	1.65982	0.608283	-0.617094	0.608283	-0.580923
516	268	179.896	1.86709	96	0	0.0775461	2.10099e-05	0	180.473	9.56995	20.6701	0.0231225	0	0	158.799	12.7286	164.232	13.197	-13.8367	11.8927	11.1975	13.7971	7.3028	2.16265	-4.98064	1.08373	-6.24681	1.08373	-1.42826
585	421	216.909	4.46033	96	0	0.0560398	1.28453e-05	0	180.832	5.41148	30.7746	0.0300738	0	0	165.521	10.8771	157.528	7.5741	68.5847	10.2281	73.0054	8.84257	16.9208	2.35083	-9.85017	0.602395	-10.94	0.602395	-4.27961
311	398	227.443	0.592805	96	0	0.0887401	2.40284e-05	0	231.879	9.51068	21.3543	0.0525186	0	0	171.612	29.4021	114.83	33.8189	-126.94	27.8547	-88.4687	30.4098	9.86318	1.91619	-0.377947	0.830733	-1.53132	0.830733	-1.80002
274	253	159.374	-0.677922	96	0	0.0955654	1.35852e-05	0	317.258	6.20951	41.8171	0.0641618	0	0	500	0	416.491	83.4036	300	0	296.617	86.5123	15.3065	1.41289	1.2649	0.3782	-0.492434	0.3782	1.21652
587	517	221.375	3.92404	96	0	0.0648392	1.00346e-05	0	300.685	4.56219	53.6162	0.0329206	0	0	179.264	9.73672	131.673	4.1756	47.6405	9.18416	39.8034	4.07547	19.7934	1.59849	-3.26181	0.287556	-4.97961	0.287556	-1.45669
1195	141	141.325	7.06533	96	0	0.0802746	2.18378e-05	0	259.529	8.31888	25.1044	0.0530607	0	0	500	-0	166.644	35.6671	300	-0	-38.7698	33.4425	9.62767	2.0115	0.588312	0.839535	-1.72463	0.839535	-2.88264
1002	187	164.38	6.66045	96	0	0.070238	1.61654e-05	0	210.025	6.36036	29.0379	0.031075	0	0	136.883	38.7604	135.349	25.0708	-30.1069	35.4112	-46.3402	24.6752	15.6128	2.22438	-1.17576	0.55527	-3.28738	0.55527	-1.67595
473	208	139.741	1.14893	96	0	0.0877838	1.28178e-05	0	223.467	5.47785	36.1375	0.0233779	0	0	500	-0	199.771	39.2988	300	-0	217.743	37.5923	12.472	1.58721	2.20349	0.515426	0.472462	0.515426	1.55231
1004	436	166.814	7.71954	64	0	0.0743194	1.40349e-05	0	193.886	6.2053	29.1056	0.0340376	0	0	71.8538	42.7091	383.399	61.0573	-32.4103	33.0885	-83.0445	62.8498	14.5458	1.61027	1.55255	0.46611	-0.225061	0.46611	-0.728532
854	640	207.321	5.08716	96	0	0.0785366	1.61099e-05	0	213.292	7.43122	29.6221	0.0265806	0	0	179.409	20.3525	210.242	19.4557	-20.1765	19.1855	45.2211	19.5121	13.2523	1.94282	-0.754283	0.554705	-2.91901	0.554705	-2.30214
591	379	228.796	3.84853	6752	0	0.0783369	1.64079e-05	0	312.849	8.64808	34.2375	0.0426846	0	0	203.028	13.7776	161.212	6.24957	-19.0578	12.7084	-18.1647	6.38559	18.363	2.28074	-8.25126	0.50046	-9.95502	0.50046	-4.11585
540	517	227.882	1.76388	6240	0	0.039652	1.30329e-05	0	186.198	5.29592	31.8773	0.0500219	0	0	150.689	16.6737	146.744	13.1615	48.843	15.5811	53.1306	12.9092	17.2734	2.76752	2.02803	0.607356	-0.675613	0.607356	1.21826
1185	468	125.84	4.37247	6752	0	0.0310627	1.18643e-05	0	222.555	5.23214	37.7391	0.0275824	0	0	302.354	28.2797	237.342	14.654	110.963	26.299	168.138	15.8303	29.8011	4.43387	-2.77231	0.44397	-3.70847	0.44397	-2.05461
518	476	183.464	2.8016	64	0	0.0747004	1.64581e-05	0	146.025	7.69157	22.144	0.0216145	0	0	140.814	8.99165	133.838	9.15595	-17.6024	8.37263	-24.1954	9.38692	8.6181	1.59369	-5.78546	0.728628	-7.14887	0.728628	-1.78817
520	425	187.676	3.1639	96	0	0.0816204	8.99089e-06	0	231.998	4.05189	51.7357	0.0257035	0	0	500	-0	259.574	48.6565	300	-0	300	-0	33.6294	1.74872	0.746658	0.200982	-0.569457	0.200982	1.38394
590	414	227.467	4.40773	96	0	0.0776495	1.99657e-05	0	216.061	8.61876	23.6131	0.0397488	0	0	500	0	301.325	64.4595	300	0	-300	0	11.5198	1.75856	1.38869	0.706057	-0.455318	0.706057	0.562552
1834	83	230.344	4.34172	96	0	0.0521574	1.36005e-05	0	279.98	6.04023	38.2071	0.0490464	0	0	500	-0	175.128	9.67179	300	-0	21.8232	9.57001	23.0308	3.08849	-0.863857	0.576017	-2.96047	0.576017	-0.497276
918	486	216.925	-1.75573	96	0	0.0538373	1.18708e-05	0	233.256	5.32426	39.6303	0.0475872	0	0	428.407	61.4206	500	-0	62.0804	58.0253	17.3551	88.5807	23.727	2.38494	2.73646	0.386058	1.08494	0.386058	4.9965
1220	428	164.865	9.83571	96	0	0.064112	2.14514e-05	0	202.136	9.19476	20.4761	0.0292895	0	0	119.856	41.2595	1	610.788	19.2801	36.9048	-56.1394	10.7041	9.52667	2.2923	0.0963685	0.94436	-2.27656	0.94436	-1.3608
1195	212	140.231	6.83681	64	0	0.0792807	1.90514e-05	0	194.768	7.86614	22.9195	0.0415134	0	0	500	-0	402.727	98.9027	300	-0	201.456	110.181	10.9613	1.68707	2.11282	0.650342	-0.586619	0.650342	5.40195
845	506	188.436	5.53938	96	0	0.0808458	1.28896e-05	0	226.658	5.46427	35.2079	0.0232773	0	0	500	-0	21.1977	77.6093	262.804	173.023	-42.8322	25.4424	21.2789	1.68401	1.9833	0.322873	-0.385559	0.322873	-0.062446
346	585	245.367	0.603254	96	0	0.0855426	1.69069e-05	0	191.459	7.20529	26.5015	0.0822949	0	0	124.484	9.51896	120.544	16.5839	26.7006	8.57093	5.60587	14.7793	10.8942	2.06751	2.24634	0.769468	-0.107076	0.769468	1.24536
308	22	223.067	-0.293633	96	0	0.0433819	1.01266e-05	0	191.141	4.60827	40.7354	0.0532576	0	0	19.2034	73.9543	500	-0	9.41109	19.0728	300	-0	25.8743	2.80137	0.919292	0.449018	-0.852863	0.449018	1.31279
581	240	166.545	4.33609	96	0	0.0215332	6.7824e-06	0	183.493	2.59603	64.2951	0.0692801	0	0	142.093	31.5778	500	-0	-26.3226	27.9635	131.462	71.3541	17.6596	3.1419	0	-1	0	-1	0
593	368	232.458	3.51087	96	0	0.036872	1.2412e-05	0	274.482	6.10344	42.7255	0.0529159	0	0	240.778	10.8586	214.191	13.6234	31.6836	10.2791	31.3297	13.5209	47.0296	5.27462	-1.63878	0.416523	-2.1117	0.416523	-2.24531
337	461	192.937	-1.85874	96	0	0.0818256	2.05014e-05	0	270.918	9.99234	25.5184	0.0224134	0	0	500	-0	247.713	34.3515	300	-0	109.552	34.3074	14.1154	2.18405	0.310782	0.593509	-1.95573	0.593509	-1.51595
339	291	195.281	-3.44796	96	0	0.0833665	1.69228e-05	0	251.624	7.09306	30.5654	0.0306469	0	0	500	-0	500	-0	300	-0	267.73	93.4652	15.3597	2.53199	-0.300268	0.67049	-2.33968	0.67049	-2.32971
1834	254	229.756	4.52078	96	0	0.0365049	1.19698e-05	0	285.037	5.14491	45.5593	0.0430607	0	0	500	0	421.076	76.0384	300	0	196.32	75.4006	32.2661	2.88594	1.11773	0.410323	-0.401533	0.410323	1.72494
1220	225	164.995	8.95598	96	0	0.0616739	1.54959e-05	0	233.919	6.31393	31.2182	0.0292906	0	0	500	0	496.166	105.064	261.268	116.058	300	0	17.3195	2.38452	1.51869	0.570919	-0.386834	0.570919	-0.107098
839	438	175.554	5.25171	96	0	0.0963036	2.14203e-05	0	254.17	8.89689	24.8364	0.0231832	0	0	291.604	84.6425	206.828	62.8814	22.892	83.6783	300	-0	13.7203	1.67218	1.1085	0.568838	-0.166208	0.568838	1.99183
287	8	184.205	-0.741765	96	0	0.0708048	1.23318e-05	0	255.85	5.26421	43.5198	0.0227046	0	0	241.816	27.5115	255.783	19.1981	70.691	25.8607	52.7095	19.2667	17.6457	2.72834	-1.76258	0.471391	-3.38345	0.471391	-1.44894
564	162	131.382	2.47587	96	0	0.0765279	1.31604e-05	0	251.054	6.04933	40.5145	0.0435401	0	0	500	0	447.047	82.0579	300	0	210.692	80.9341	11.0703	1.468	2.25187	0.509514	0.858018	0.509514	3.19799
328	169	175.437	-2.74132	96	0	0.0546039	9.5662e-06	0	195.414	3.96883	48.7778	0.0211646	0	0	148.198	16.9625	164.416	18.4258	-35.3418	15.5222	-7.65861	18.0303	16.0371	1.5976	0.854702	0.303434	-0.994564	0.303434	0.46633
430	358	27.285	13.9632	96	0	0.0705528	1.56107e-05	0	256.289	6.93794	31.2255	0.0555105	0	0	500	-0	80.4853	42.5613	40.215	142.862	-1.72601	34.8876	18.688	2.09303	1.57361	0.447627	-0.45146	0.447627	0.244155
649	127	358.557	-10.419	96	0	0.0776255	1.56513e-05	0	303.116	7.46243	36.1833	0.0431929	0	0	500	-0	215.561	41.8776	300	-0	38.9454	40.2439	25.9405	3.51146	0.488565	0.460183	-1.26874	0.460183	1.1532
716	486	329.373	-7.79574	96	0	0.0579538	1.49493e-05	0	271.877	6.66027	35.9031	0.0375412	0	0	500	0	381.966	63.472	291.262	64.4176	248.486	63.1943	21.2625	2.1636	1.68826	0.441893	-0.458985	0.441893	2.66522
423	337	18.2481	15.4913	64	0	0.0438491	1.56473e-05	0	203.41	6.70799	28.7952	0.0882169	0	0	500	-0	145.966	26.9998	45.4617	83.8504	16.426	25.1734	16.0421	2.73778	1.64164	0.693047	-0.40986	0.693047	-0.0918923
739	96	340.383	12.5806	96	0	0.0997881	2.06866e-05	0	273.37	8.35466	27.1356	0.0441066	0	0	500	-0	64.1121	27.781	300	-0	-3.49429	21.0074	12.8897	2.05935	1.06014	0.588053	-0.722892	0.588053	0.0405201
656	390	10.4603	-9.30315	4704	0	0.0553588	1.56951e-05	0	322.268	13.4795	24.2904	0.0377021	0	0	160.096	9.22984	153.571	4.69617	7.07671	8.71461	12.0393	4.61432	9.21751	2.17025	-6.39372	0.911675	-7.74742	0.911675	-2.76677
403	363	29.0707	1.05081	96	0	0.0789361	1.82338e-05	0	260.152	8.0285	28.5014	0.0293447	0	0	500	-0	316.512	69.9526	-34.0747	128.314	147.81	69.2129	13.9424	1.99473	0.895606	0.507266	-1.53355	0.507266	2.40282
398	389	18.74	0.430804	96	0	0.044819	1.12633e-05	0	252.954	5.15721	39.1214	0.0276681	0	0	500	-0	500	-0	300	-0	300	-0	33.3781	2.60304	1.59311	0.373783	0.0668547	0.373783	3.81414
388	377	1.20396	0.951182	96	0	0.0999087	2.84918e-05	0	216.982	10.6904	18.1588	0.0323011	0	0	300.402	92.6773	1	-0	300	-0	15.4559	26.3673	8.50966	2.0254	0.303744	0.901776	-1.32266	0.901776	-0.172359
658	313	13.9662	-9.98561	96	0	0.0547345	1.56246e-05	0	305.589	6.99441	37.1612	0.0371756	0	0	500	-0	500	-0	300	-0	240.535	125.488	26.6353	3.36658	1.40627	0.46349	-0.407285	0.46349	1.25319
648	299	355.237	-10.7414	96	0	0.0867969	1.81095e-05	0	249.241	7.89448	27.7051	0.0319429	0	0	500	-0	500	-0	300	-0	269.543	96.7461	12.7323	2.3045	0.0678946	0.727687	-0.664644	0.727687	-0.454835
730	27	322.692	10.6243	96	0	0.0617617	1.35817e-05	0	246.166	6.08745	38.6472	0.0539357	0	0	383.333	58.0716	293.192	40.8042	83.2342	50.5456	137.952	43.6263	22.2302	2.6764	0.333349	0.498332	-1.54553	0.498332	-0.965363
692	55	14.0672	-1.25538	6240	0	0.0445091	1.33679e-05	0	261.251	5.56767	36.2013	0.0386543	0	0	500	-0	121.948	43.7158	300	-0	1.41213	40.4741	21.8343	2.75294	1.5456	0.534581	0.259566	0.534581	1.73753
391	282	5.90828	-0.784168	96	0	0.0635513	1.70106e-05	0	220.175	7.61771	27.3552	0.0295013	0	0	500	-0	1	-0	300	-0	5.86569	24.315	14.821	2.84275	0.758046	0.805635	-2.23372	0.805635	-0.429712
1502	184	23.7238	-0.664984	96	0	0.0840913	1.36344e-05	0	269.66	5.98712	41.7219	0.0331858	0	0	500	-0	500	-0	300	-0	300	-0	19.9168	2.05079	1.72451	0.440147	-0.0441746	0.440147	1.58801
701	129	30.572	-1.12785	6752	0	0.0425467	1.2607e-05	0	253.696	5.57126	38.6205	0.027251	0	0	500	0	339.906	65.5018	300	0	189.965	66.4054	32.6117	3.862	1.78458	0.451619	-0.238685	0.451619	0.364363
391	111	7.36845	-0.212608	96	0	0.059865	1.74872e-05	0	249.596	8.27645	27.7173	0.0229212	0	0	17.1702	89.2315	500	-0	-75.8805	22.9161	175.632	106.041	15.137	2.78698	2.24514	0.708009	0.388652	0.708009	8.6836
687	160	4.17731	-0.445445	96	0	0.0644766	1.40678e-05	0	279.102	6.24878	38.4933	0.0284826	0	0	500	-0	123.649	28.4358	300	-0	73.7061	25.9638	24.8806	2.71322	2.29266	0.436254	0.647426	0.436254	2.76585
376	473	337.291	0.0789018	6752	0	0.0568443	1.46855e-05	0	239.26	7.24908	30.5408	0.0687549	0	0	126.384	14.7297	166.586	9.6941	5.51195	13.4477	30.4551	10.39	18.344	2.56166	-4.57177	0.592244	-6.12378	0.592244	-1.71891
721	503	337.93	-8.40881	96	0	0.0828948	1.03189e-05	0	301.337	4.84203	53.1059	0.0549255	0	0	500	0	302.456	17.1862	300	0	98.5392	16.6398	24.6117	1.83851	-0.131141	0.241607	-1.76503	0.241607	0.684441
693	269	14.4377	-0.419423	96	0	0.043839	1.28413e-05	0	292.796	6.25632	40.2648	0.0473694	0	0	500	-0	500	-0	300	-0	232.798	93.6939	38.0152	2.89094	1.26964	0.361308	-0.411354	0.361308	-0.0443922
716	417	329.195	-6.94733	96	0	0.0647552	1.52252e-05	0	261.009	6.67059	33.4463	0.0328768	0	0	488.578	71.9211	198.476	34.759	78.4673	66.8262	-25.8666	36.0447	18.9179	2.30163	0.166925	0.468829	-1.55099	0.468829	-0.750381
725	301	345.096	-9.88328	96	0	0.0798105	2.56668e-05	0	147.69	10.8583	16.9241	0.0393589	0	0	142.105	33.2537	100.836	27.8951	35.1812	29.4657	38.9162	24.1512	5.4456	1.83334	-0.0211839	1.35398	-2.80914	1.35398	-1.303
378	396	340.837	0.473353	96	0	0.0579081	1.21301e-05	0	206.196	5.40008	35.1675	0.0705635	0	0	111.474	53.9254	374.931	80.5514	-122.392	47.1566	161.192	87.1688	27.1978	2.48985	2.3511	0.391226	0.494156	0.391226	3.03022
650	359	358.89	-9.65473	96	0	0.0772677	1.46655e-05	0	214.496	6.95161	29.9653	0.0344187	0	0	400.776	86.0907	264.239	47.2154	60.1253	76.7445	21.3333	43.8748	13.5922	2.14342	0.782865	0.569605	-0.998625	0.569605	-1.87849
400	424	22.8872	0.555972	96	0	0.0792413	1.52938e-05	0	251.676	6.90411	32.4209	0.0233815	0	0	500	-0	500	-0	300	-0	300	-0	18.0865	1.83222	0.784781	0.448568	-1.23877	0.448568	-0.926767
638	297	316.395	-7.59215	96	0	0.0731063	1.54707e-05	0	162.684	6.46156	27.7644	0.0840711	0	0	158.128	13.3529	168.393	8.7369	35.7146	12.4624	-10.3729	9.12321	9.81656	3.06187	-3.39043	0.886433	-6.18078	0.886433	-3.46106
749	528	358.529	15.9699	96	0	0.0752207	1.44889e-05	0	274.605	6.57728	36.8723	0.0391608	0	0	500	-0	184.999	27.1433	300	-0	31.7909	26.9755	16.6577	1.73089	0.931818	0.429028	-1.12357	0.429028	0.897638
429	121	26.9223	12.9696	64	0	0.0735692	1.29683e-05	0	210.751	5.06485	39.6	0.0602896	0	0	500	-0	500	-0	300	-0	240.438	86.129	12.8139	1.75118	1.47312	0.50663	-0.228532	0.50663	-1.69039
375	62	336.785	-0.727203	96	0	0.0567804	2.04565e-05	0	205.443	7.58349	23.7442	0.0695403	0	0	87.1824	20.5303	148.534	13.7322	14.3198	17.0921	-4.98209	13.1077	12.2865	3.6118	0.245581	1.29982	-2.27572	1.29982	0.317545
664	155	26.6518	-9.69588	96	0	0.0521033	1.46936e-05	0	199.746	6.03152	32.3855	0.0287058	0	0	500	0	427.007	88.2442	300	0	300	0	23.4662	3.10933	2.6838	0.569866	0.73816	0.569866	2.3859
720	599	336.542	-8.74304	96	0	0.0833742	1.92902e-05	0	178.721	7.60168	22.7933	0.0441456	0	0	69.2075	37.3045	500	-0	34.6282	28.225	300	-0	8.95573	1.94276	-1.46125	0.986271	-3.64516	0.986271	-3.11367
377	48	339.979	-0.988612	96	0	0.0530678	1.69482e-05	0	183.66	6.65042	24.6492	0.0507238	0	0	191.867	34.7943	230.245	24.0176	19.7777	32.3715	47.8853	25.3124	13.7778	3.66029	-2.89955	0.900484	-5.18199	0.900484	-7.30168
409	41	42.3665	-0.873033	96	0	0.0237361	1.21198e-05	0	132.152	4.82074	42.6683	0.0544699	0	0	102.949	1.14216	112.099	1.84876	-13.1515	1.13284	-10.6747	1.78673	74.4217	7.95554	0	-1	0	-1	0
420	413	12.7476	15.8899	96	0	0.0782507	1.97181e-05	0	263.128	9.66282	27.6957	0.0689707	0	0	500	0	403.42	93.4813	300	0	293.945	94.7685	16.4254	2.24604	1.6559	0.595071	-0.35293	0.595071	2.16011
660	539	19.6024	-8.87816	96	0	0.0654873	1.27465e-05	0	293.712	6.29356	40.4034	0.0354664	0	0	500	0	425.416	82.2813	300	0	136.989	91.8018	24.3341	1.85368	1.81791	0.311845	-0.395385	0.311845	2.72767
665	156	28.5753	-9.71348	96	0	0.0523508	1.3795e-05	0	294.601	6.56773	39.431	0.0237625	0	0	500	-0	137.722	19.3881	300	-0	57.2378	19.2771	31.4402	4.11348	-0.453021	0.407543	-2.51776	0.407543	0.787049
725	123	345.972	-10.6769	96	0	0.0781967	2.29667e-05	0	199.552	8.69212	21.684	0.0382589	0	0	193.876	38.5368	166.063	30.5435	-5.7271	36.4393	-41.9619	28.4924	9.86304	2.3507	1.47631	0.936293	-0.583739	0.936293	1.44536
747	534	354.504	15.9004	96	0	0.0681697	1.9209e-05	0	287.735	8.43415	30.0413	0.0588627	0	0	500	-0	500	-0	300	-0	-300	-0	17.552	2.30898	1.32773	0.553698	-0.701847	0.553698	4.67896
1064	188	51.5257	-0.61575	96	0	0.0374171	1.24132e-05	0	261.24	5.57865	40.0812	0.108485	0	0	500	-0	1	-0	300	-0	-23.0739	28.12	30.7237	3.7513	0.941508	0.439728	-1.24398	0.439728	-0.0394857
739	294	339.39	12.5144	96	0	0.0982972	2.18402e-05	0	273.076	9.61468	24.3316	0.0476244	0	0	467.175	126.202	286.653	53.5074	300	-0	300	-0	11.7126	1.94133	1.52354	0.67381	0.00360901	0.67381	3.33161
989	70	324.805	-0.508541	96	0	0.0637274	1.33125e-05	0	233.684	5.75836	35.487	0.0555638	0	0	500	0	441.015	79.1913	300	0	178.678	81.3268	23.8714	2.27193	1.86431	0.488833	0.0702099	0.488833	2.67162
646	321	351.194	-8.79943	96	0	0.0968089	1.93393e-05	0	221.492	7.65577	25.6414	0.0458795	0	0	208.674	95.3623	52.8796	35.6291	91.8588	91.339	91.9941	25.5904	9.9781	2.61057	2.17945	0.884892	0.155657	0.884892	0.234033
673	43	337.69	-1.15762	96	0	0.0568866	1.7021e-05	0	220.345	7.11274	28.9132	0.0651138	0	0	487.163	104.446	363.761	96.1495	300	0	130.753	93.2842	11.259	2.67858	0.429986	0.986861	-1.33545	0.986861	0.443733
719	98	334.197	-9.72478	96	0	0.0924643	1.91098e-05	0	243.447	8.06452	25.9277	0.0637614	0	0	500	-0	276.794	48.6922	300	-0	234.279	50.7189	13.2449	2.61609	0.433508	0.748605	-1.99409	0.748605	-3.28201
645	113	350.735	-10.0456	96	0	0.0839543	1.99565e-05	0	275.81	8.77378	27.8029	0.0277684	0	0	500	-0	175.763	42.5954	300	-0	-201.476	40.7423	13.6877	2.35989	0.828906	0.718264	-1.00085	0.718264	-0.929919
464	484	59.5827	-5.53885	96	0	0.0651752	9.10647e-06	0	219.602	4.04552	52.2117	0.118886	0	0	500	-0	237.409	26.0535	300	-0	4.49596	28.9039	26.45	2.4102	0.0303259	0.314117	-1.59605	0.314117	2.23179
739	313	339.024	13.0124	96	0	0.0889356	2.06422e-05	0	214.444	8.71162	22.9737	0.0670144	0	0	500	-0	1	-0	300	-0	13.6304	16.8356	10.3378	2.20368	1.40033	0.836938	-0.577261	0.836938	-0.765161
720	560	336.37	-8.72795	96	0	0.0835725	1.7118e-05	0	218.616	6.96533	28.0561	0.043154	0	0	191.29	20.4441	155.984	16.07	23.1801	19.461	58.6387	15.4087	12.0088	1.94193	1.22359	0.679191	-0.430492	0.679191	1.24158
718	101	332.489	-9.61602	96	0	0.0826763	1.58059e-05	0	258.271	6.5035	33.9204	0.0410845	0	0	0	0	0	0	0	0	0	0	0	0	0	0	0	0	0
428	219	32.2891	12.39	64	0	0.0605163	2.14138e-05	0	171.371	8.51172	21.8764	0.236583	0	0	281.768	119.314	1	-0	-226.855	115.825	-41.5332	22.6105	10.3247	4.13322	3.27472	1.72083	0.338345	1.72083	0.261804
400	69	24.3036	-0.504315	96	0	0.0561178	1.48093e-05	0	233.091	6.77802	31.8097	0.0314868	0	0	86.7813	37.9068	500	-0	-62.8119	29.4734	300	-0	19.6553	2.95616	1.79693	0.48364	0.0833178	0.48364	3.18988
377	295	338.8	-1.14719	96	0	0.0898598	2.56717e-05	0	303.69	10.7307	22.7694	0.0550416	0	0	500	-0	91.5365	38.541	300	-0	193.838	31.849	10.0492	2.3864	1.00515	0.953255	-1.29526	0.953255	-0.140023
718	251	331.267	-9.02412	96	0	0.0639352	1.17597e-05	0	254.033	5.09639	44.4185	0.0321809	0	0	0	0	0	0	0	0	0	0	0	0	0	0	0	0	0
731	138	323.471	10.4397	96	0	0.077875	1.86615e-05	0	251.64	8.22228	28.1592	0.0630876	0	0	301.686	58.5762	242.337	46.6851	2.42086	54.6814	-11.3068	43.6227	13.2018	2.16509	1.55804	0.68293	0.0216698	0.68293	3.75392
636	7	314.51	-7.55766	96	0	0.0801805	2.10854e-05	0	201.048	7.79908	25.7463	0.0792373	0	0	500	-0	500	-0	300	-0	300	-0	9.8759	3.20911	0.509354	1.03997	-2.73312	1.03997	7.326
718	268	331.785	-9.36217	64	0	0.0820182	2.06884e-05	0	159.472	10.2735	17.201	0.0352286	0	0	0	0	0	0	0	0	0	0	0	0	0	0	0	0	0
720	309	334.418	-9.19784	6208	0	0.0937725	2.13526e-05	0	198.335	8.02048	22.8633	0.069813	0	0	463.087	131.084	1	-0	300	-0	3.30401	13.0925	11.1786	2.58392	1.18087	1.0207	-1.24135	1.0207	-0.587852
736	148	334.353	12.523	96	0	0.0804337	1.69196e-05	0	243.562	7.22924	30.5857	0.0809913	0	0	500	-0	500	-0	300	-0	300	-0	15.6396	1.9675	1.14437	0.5265	-1.03281	0.5265	0.74567
649	562	358.778	-9.37558	6240	0	0.0740831	1.59196e-05	0	244.185	7.20266	30.9397	0.0360989	0	0	500	-0	500	-0	300	-0	-300	-0	12.6724	1.40097	0.945825	0.517535	-0.674303	0.517535	3.09174
407	552	38.1674	0.260103	96	0	0.0205609	5.50256e-06	0	168.307	2.48135	62.9286	0.0278958	0	0	110.595	23.8633	500	-0	-28.7964	20.4411	287.895	58.8373	66.4787	4.76632	1.68225	0.223895	0.236044	0.223895	0
641	204	323.159	-8.40428	96	0	0.0958835	9.37725e-06	0	212.412	9.95234	19.6101	0.0386416	0	0	111.892	1.78636	114.213	2.07766	-4.63791	1.72746	-2.70426	1.99894	8.80252	2.13881	-32.2141	1.06014	-33.3361	1.06014	-15.3105
725	135	345.948	-10.3082	96	0	0.0772611	1.80002e-05	0	138.049	7.47402	21.2819	0.0409339	0	0	104.203	13.4724	125.471	12.1021	27.205	11.6947	12.9699	11.379	10.1764	2.1926	-1.40336	0.840812	-3.55221	0.840812	-2.05851
723	420	341.453	-8.52754	96	0	0.0815499	1.65994e-05	0	165.651	6.47082	24.9103	0.040596	0	0	125.288	16.9673	182.051	16.1381	-4.53452	15.4003	10.4766	17.7209	8.78248	1.65189	-2.56311	0.680476	-4.64429	0.680476	0.55852
398	77	20.0964	-0.078961	6752	0	0.0774105	1.65137e-05	0	333.071	8.03827	36.5142	0.0351123	0	0	500	-0	268.455	41.6959	300	-0	186.852	40.5268	23.1584	2.47009	0.267154	0.384777	-1.32186	0.384777	-0.738147
731	318	322.327	11.201	96	0	0.0891051	2.17805e-05	0	259.956	8.43931	26.0217	0.079982	0	0	500	-0	50.8138	26.3432	300	-0	-46.8655	17.2286	12.3833	2.41747	0.432203	0.774567	-1.5888	0.774567	-1.20675
725	319	344.855	-9.49698	96	0	0.0791353	1.56473e-05	0	230.555	6.5851	33.193	0.036978	0	0	500	-0	137.829	57.2399	300	-0	50.5817	54.2855	18.4077	2.18332	0.993409	0.472874	-0.394288	0.472874	1.2212
675	221	340.761	-0.231095	96	0	0.0578371	1.05036e-05	0	192.418	4.66973	42.1465	0.0641317	0	0	500	0	485.233	86.7575	300	0	300	0	18.0232	1.55117	2.44455	0.41472	-0.0619316	0.41472	2.7541
718	47	333.132	-9.01038	96	0	0.0700134	1.13033e-05	0	277.911	4.98257	51.0975	0.0471853	0	0	0	0	0	0	0	0	0	0	0	0	0	0	0	0	0
1094	568	353.857	1.05907	96	0	0.0843846	1.61129e-05	0	322.98	7.74594	38.6886	0.0457822	0	0	192.399	332.037	493.384	130.412	-6.43542	307.946	26.0488	131.678	23.4817	2.2283	1.12439	0.389433	-0.885435	0.389433	2.7239
665	40	29.0991	-9.6267	96	0	0.0528776	1.38596e-05	0	238.163	6.66772	34.0119	0.0219518	0	0	319.021	23.6623	217.565	11.3998	39.0738	21.3593	26.5344	13.9588	23.7863	3.64326	-7.76733	0.546196	-9.1499	0.546196	-5.10468
1178	254	326.02	-8.45967	96	0	0.0537551	1.33271e-05	0	168.904	5.7129	30.06	0.0464971	0	0	145.437	16.0543	142.48	8.69404	6.45407	14.8193	13.7514	8.70734	15.8468	3.05264	-5.16545	0.664639	-7.53513	0.664639	-2.51955
423	356	17.8092	14.8782	96	0	0.0602051	1.44748e-05	0	275.304	6.14743	37.3685	0.0465788	0	0	391.562	57.2261	237.931	20.1642	30.8051	47.2741	-5.41505	25.5312	25.7026	3.30763	-2.35882	0.370663	-3.84238	0.370663	-2.67689
749	564	358.693	15.622	96	0	0.073572	1.57569e-05	0	200.793	6.91385	27.048	0.0568836	0	0	151.152	5.86771	167.169	6.11898	-22.2613	5.63845	-1.59383	7.84413	9.66043	1.56988	-17.3769	0.730329	-18.3796	0.730329	-4.90422
646	198	351.615	-9.86088	96	0	0.097663	1.55542e-05	0	238.41	8.39017	27.3207	0.0294701	0	0	226.531	8.85273	262.898	7.69582	26.0821	8.38996	-7.41657	8.82448	10.8609	2.36201	-19.4934	0.731543	-20.7506	0.731543	-11.9068
720	142	335.886	-9.07719	96	0	0.0851583	1.95302e-05	0	221.168	8.90812	26.2972	0.0465708	0	0	500	-0	1	-0	300	-0	-6.73616	17.2641	13.6951	2.18522	1.73846	0.756808	-0.146953	0.756808	0.73753
744	103	348.744	14.09	96	0	0.0829862	1.66847e-05	0	196.868	6.99896	26.1756	0.0520556	0	0	500	-0	317.448	77.7309	300	-0	115.56	77.0882	9.97144	1.69139	2.51401	0.706447	0.383033	0.706447	5.00175
718	316	331.63	-9.5278	64	0	0.0821787	2.33687e-05	0	174.047	8.24179	22.8425	0.0339905	0	0	0	0	0	0	0	0	0	0	0	0	0	0	0	0	0
657	591	13.8708	-9.29277	96	0	0.0550941	1.3887e-05	0	267.514	6.75525	36.3271	0.0413314	0	0	500	-0	500	-0	300	-0	300	-0	22.964	1.95313	0.737467	0.388628	-1.08016	0.388628	-0.262825
746	262	351.108	13.9723	96	0	0.0424193	9.79415e-06	0	321.691	4.77816	59.5729	0.0477782	0	0	500	-0	500	-0	300	-0	196.253	69.9147	37.4871	2.76462	1.44545	0.241195	-1.0918	0.241195	1.96885
730	234	321.599	10.7775	96	0	0.0978787	1.89993e-05	0	232.808	7.41645	26.4938	0.0606011	0	0	500	-0	500	-0	300	-0	300	-0	14.2995	1.812	1.98284	0.616636	-0.500929	0.616636	4.88912
695	575	19.6372	1.15855	96	0	0.0442368	1.05849e-05	0	209.378	4.56852	40.0285	0.034273	0	0	225.841	9.75683	223.387	5.45082	-11.202	9.2165	-7.11253	7.43849	25.14	2.78204	-14.2678	0.398683	-16.0971	0.398683	-7.74258
641	65	324.042	-8.22139	96	0	0.0849861	1.74002e-05	0	238.896	8.31573	28.3887	0.0317978	0	0	500	-0	150.581	35.3906	300	-0	113.322	35.0034	13.434	2.11108	1.11555	0.705956	-0.792006	0.705956	0.95814
721	267	337.106	-9.62287	96	0	0.0832622	1.3485e-05	0	279.488	5.72327	38.1823	0.0523741	0	0	500	-0	1	-0	300	-0	36.5991	16.9852	11.7473	1.29034	1.31899	0.495946	-1.03426	0.495946	0.732688
1198	324	133.505	40.2286	96	0	0.087306	1.97322e-05	0	230.295	8.50613	25.2606	0.0260592	0	0	280.142	61.8769	1	-0	93.9292	60.4515	-94.7233	13.9515	10.6161	1.65735	1.79824	0.63356	0.512487	0.63356	0.618115
1051	389	229.774	45.0322	96	0	0.0644759	1.34831e-05	0	197.665	5.69746	30.2093	0.0234117	0	0	491.596	111.64	331.013	47.3888	-270.85	108.729	202.994	44.1819	21.2923	2.59172	1.99832	0.475128	-0.0953011	0.475128	2.46406
974	297	255.638	33.5167	6752	0	0.0863756	1.58132e-05	0	319.623	7.73651	36.6352	0.0257753	0	0	500	-0	198.794	24.6534	300	-0	-37.1284	24.9783	23.4005	2.27123	-0.563547	0.396887	-2.20952	0.396887	-0.728036
1017	262	177.025	54.6463	96	0	0.0598734	1.601e-05	0	238.145	7.58058	29.4329	0.0130981	0	0	500	-0	500	-0	300	-0	-0.0225534	-0	17.9746	3.04705	2.27499	0.678754	0.486379	0.678754	7.21866
352	366	258.12	64.0608	96	0	0.0734653	2.37185e-05	0	272.278	9.93482	24.3354	0.0254143	0	0	500	-0	500	-0	300	-0	73.2731	106.72	16.2744	3.01009	2.64156	0.802936	0.930749	0.802936	0.761575
1392	227	239.583	27.2334	4192	0	0.0908067	2.92487e-05	0	272.619	13.6122	20.0469	0.0441656	0	0	500	0	500	0	300	0	95.6628	91.2819	9.00023	1.9256	1.3556	1.03085	-0.392403	1.03085	7.37015
1321	79	205.938	55.6338	64	0	0.0682241	1.47811e-05	0	219.072	6.88795	31.0279	0.00999278	0	0	203.002	51.8352	222.489	35.7967	11.2883	48.3544	36.353	34.6221	21.9202	2.75551	1.5286	0.478575	-0.471837	0.478575	1.18873
558	229	148.453	57.1736	96	0	0.080498	1.83614e-05	0	229.551	7.75294	26.3007	0.0126192	0	0	500	-0	288.086	24.2652	184.905	47.3405	237.118	32.1346	12.677	2.3049	-8.6613	0.731816	-9.31524	0.731816	-9.70972
938	521	140.203	40.6642	96	0	0.072669	2.08295e-05	0	288.534	10.0345	28.9053	0.0179456	0	0	500	0	438.422	62.9587	300	0	300	0	14.2247	1.82727	-1.37777	0.546329	-2.23956	0.546329	-0.917733
882	602	182.194	53.3337	4192	0	0.0813124	2.3972e-05	0	154.881	8.17407	16.6539	0.0209244	0	0	500	-0	1	-0	300	-0	-59.7407	21.4319	7.00814	1.54113	1.57693	0.970941	-0.563898	0.970941	0.356003
973	403	255.677	34.06	4672	0	0.0992977	3.6298e-05	0	598.201	27.3654	23.415	0.023307	0	0	500	-0	68.6475	36.8731	300	-0	250.816	27.6288	10.0114	1.89385	0.478956	0.740825	-1.17722	0.740825	0.288514
1163	116	223.511	54.2656	96	0	0.0986274	2.07562e-05	0	294.775	9.04254	28.645	0.0136436	0	0	500	-0	255.185	58.3427	300	-0	164.358	58.8434	15.4924	2.14475	1.95735	0.521393	0.552192	0.521393	4.33014
884	82	187.197	51.2653	6752	0	0.086503	1.83249e-05	0	229.579	7.37809	26.832	0.0166158	0	0	500	0	386.691	84.9389	300	0	97.5028	87.9278	12.2726	1.76326	1.10885	0.652292	-1.63815	0.652292	1.29705
1013	78	172.175	54.1723	96	0	0.0704308	1.68164e-05	0	237.959	7.85215	28.6823	0.0150456	0	0	481.957	109.494	411.058	87.6028	300	0	300	0	16.042	2.58309	1.41603	0.555924	-0.084427	0.555924	-0.230193
1208	302	127.132	30.4313	96	0	0.0503187	1.29616e-05	0	297.55	6.75146	37.8063	0.0475788	0	0	128.44	12.5059	111.284	5.8579	43.9389	11.2018	28.3367	5.36817	26.8541	4.71945	-2.44679	0.456214	-3.68576	0.456214	-0.184846
1199	128	134.633	38.4932	96	0	0.0933824	1.93112e-05	0	211.895	8.06424	23.2891	0.0281028	0	0	500	-0	285.303	68.962	300	-0	191.281	68.6379	10.8078	1.84923	1.68166	0.708667	-0.902887	0.708667	4.25413
1016	448	176.839	55.7302	96	0	0.0515356	1.33561e-05	0	269.161	6.52861	36.4633	0.00956375	0	0	500	-0	500	-0	300	-0	236.232	99.1691	29.6853	2.52666	1.16483	0.386476	-0.473861	0.386476	-0.393038
1014	362	172.429	55.3805	96	0	0.0684762	1.48609e-05	0	281.439	6.87938	34.4299	0.011561	0	0	500	0	496.844	91.3834	300	0	300	0	21.485	1.91104	1.66509	0.380457	-0.285145	0.380457	1.34213
874	204	156.257	47.8419	6240	0	0.0636553	1.73465e-05	0	291.379	8.56172	31.7294	0.0113113	0	0	500	-0	500	-0	300	-0	300	-0	17.4061	2.33096	1.96872	0.574632	-0.157932	0.574632	4.82374
906	36	163.402	54.8679	6240	0	0.0715865	1.87384e-05	0	236.147	7.70264	26.1847	0.0100841	0	0	500	-0	1	-0	300	-0	-17.983	21.9616	11.8173	2.14565	2.13825	0.704323	0.394479	0.704323	1.88627
966	120	173.705	49.0776	6752	0	0.033335	1.25556e-05	0	298.514	5.86986	42.1443	0.0162631	0	0	500	-0	500	-0	300	-0	300	-0	42.0988	4.08569	1.67156	0.35255	0.00586583	0.35255	1.10296
553	446	136.977	52.7905	6752	0	0.0986872	1.44038e-05	0	284.683	6.80557	36.6805	0.0183151	0	0	500	-0	142.125	9.94561	253.464	49.6399	66.949	9.69477	16.9949	1.52197	-1.37998	0.367371	-2.98603	0.367371	-0.153341
955	196	183.703	59.9062	6240	0	0.0600489	1.58877e-05	0	246.054	7.29509	32.8072	0.017145	0	0	298.923	58.754	401.308	81.388	-20.7033	57.1353	211.509	89.0613	20.4986	2.66759	0.703875	0.51315	-1.54808	0.51315	2.21341
1344	144	204.127	43.4048	96	0	0.054143	1.57848e-05	0	272.736	7.0208	34.6996	0.0151652	0	0	500	-0	500	-0	300	-0	300	-0	24.0899	3.00531	1.78347	0.450341	-0.246854	0.450341	0.178635
909	361	168.07	57.076	96	0	0.0471389	1.26524e-05	0	286.194	6.06956	39.2045	0.0121149	0	0	500	-0	500	-0	300	-0	220.933	84.4229	31.9097	2.71198	0.95865	0.368575	-0.874035	0.368575	0.0796891
1014	504	174.015	55.0753	96	0	0.0570691	1.39409e-05	0	240.41	6.50452	32.2172	0.0128418	0	0	500	-0	304.717	87.3543	300	-0	300	-0	17.9896	1.87069	1.73419	0.448594	-0.126841	0.448594	2.69967
1199	150	134.977	39.4386	96	0	0.0947774	1.86893e-05	0	229.059	7.73873	26.3991	0.0257955	0	0	122.892	17.1717	170.45	13.3493	14.2509	15.4795	-13.5524	13.711	11.3585	2.15505	-1.76383	0.617112	-3.61111	0.617112	-1.60613
955	224	183.399	59.3531	96	0	0.0967724	2.50918e-05	0	259.736	9.99278	22.6972	0.0192535	0	0	500	-0	303.881	71.9209	300	-0	300	-0	11.252	1.94944	1.23471	0.760362	-1.43257	0.760362	1.95028
1341	61	251.689	31.0621	64	0	0.0887236	2.76786e-05	0	186.583	7.62504	22.6379	0.03403	0	0	59.2607	6.18865	152.404	16.143	267.158	4.53855	212.432	18.0684	15.7095	3.21721	-4.01753	0.852779	-6.50983	0.852779	-0.662062
1038	496	191.851	54.987	96	0	0.0832867	1.66243e-05	0	263.348	7.79223	30.2393	0.0137241	0	0	170.346	35.7879	340.186	83.1171	-22.4507	33.9435	-23.4642	79.7073	15.6785	1.39324	2.02469	0.421255	0.09366	0.421255	3.31864
941	181	146.452	42.8993	96	0	0.0732316	1.56343e-05	0	153.659	6.13694	24.9055	0.0137829	0	0	161.322	40.4208	206.371	26.7725	44.7143	37.5709	54.2481	26.7346	12.0472	2.03487	0.736472	0.664669	-1.64863	0.664669	-0.466652
1166	328	229.992	51.3131	6752	0	0.0751606	1.91491e-05	0	308.532	8.27717	31.0772	0.0177319	0	0	500	-0	86.6447	34.8489	300	-0	-45.5454	26.1904	16.9062	2.6002	1.61798	0.539323	-0.573261	0.539323	1.17078
780	245	186.178	61.4707	96	0	0.0699935	1.43905e-05	0	267.518	7.44098	32.3433	0.0185352	0	0	178	18.886	127.595	6.9847	27.1055	17.8403	31.7133	6.62908	20.0447	2.85229	-0.739923	0.481051	-2.15704	0.481051	-1.07563
1012	502	168.849	54.4441	96	0	0.0695261	1.3556e-05	0	225.149	5.92965	34.0637	0.0137082	0	0	328.009	46.6411	234.938	27.0263	14.0815	43.3218	51.8288	26.3817	13.7003	1.08522	1.071	0.42437	-0.580091	0.42437	-0.310742
1017	73	180.86	54.8686	96	0	0.0504315	1.11041e-05	0	197.862	5.0746	36.548	0.0176519	0	0	251.547	51.8522	154.5	29.1067	-9.8485	49.2822	56.282	28.1868	32.3117	3.27138	1.47043	0.358029	-0.62282	0.358029	0.950484
1311	70	177.522	56.481	96	0	0.065988	1.44463e-05	0	243.286	6.64797	31.7527	0.0143726	0	0	500	-0	145.039	75.6606	300	-0	-52.1751	70.6659	24.3555	2.52194	1.6791	0.504957	-0.294829	0.504957	0.750021
1008	455	155.737	52.1107	6752	0	0.0779874	1.36934e-05	0	174.43	7.10307	26.4655	0.0136447	0	0	126.282	4.39842	135.942	5.18921	21.6469	4.20731	12.7219	5.23121	16.6781	2.15421	-6.43512	0.538588	-7.86722	0.538588	-2.22297
1409	476	248.275	26.2118	96	0	0.0660184	2.2252e-05	0	309.266	9.19958	28.6132	0.0485539	0	0	500	-0	389.984	43.4811	300	-0	-34.0589	44.1366	15.1856	3.14385	0.259424	0.759153	-0.863444	0.759153	3.605
817	356	247.437	40.8117	96	0	0.0293382	8.2719e-06	0	276.313	4.38816	50.1766	0.00611956	0	0	175.287	30.653	199.576	17.3549	29.9597	28.5234	58.8023	19.385	68.1955	3.07726	-0.130126	0.180481	-1.70852	0.180481	0.310467
891	301	119.023	33.7445	96	0	0.0742991	1.41831e-05	0	228.232	6.25246	32.7185	0.0556301	0	0	226.303	32.5892	343.661	51.5793	27.626	30.6977	99.2734	50.7088	17.548	2.21946	1.73904	0.416242	-0.0730014	0.416242	1.21895
886	523	193.657	53.09	6240	0	0.0538201	1.55322e-05	0	315.247	7.89928	38.4564	0.00834063	0	0	500	0	304.908	40.9915	213.118	40.6281	200.607	40.858	28.9907	2.25819	0.587228	0.368014	-1.21924	0.368014	0.294547
621	92	242.404	53.0412	6240	0	0.0634937	1.40258e-05	0	262.489	6.92818	31.3904	0.0124015	0	0	178.722	11.9137	169.663	6.26073	45.102	11.3104	51.5153	6.30332	16.6478	2.44021	-4.08683	0.629713	-6.19154	0.629713	-1.09443
553	244	136.312	52.3846	96	0	0.0623094	1.57876e-05	0	201.144	6.73571	30.3227	0.0196339	0	0	500	0	421.845	104.137	260.352	87.4171	300	0	13.7821	2.08699	1.12606	0.637329	-0.537807	0.637329	-0.0783071
350	109	259.63	64.4181	96	0	0.0892986	1.69216e-05	0	234.216	6.36458	31.2825	0.0328863	0	0	210.786	12.0937	177.905	17.6008	98.5009	10.9823	22.6647	16.1969	12.8243	1.84953	-0.510052	0.583172	-2.57748	0.583172	-1.42373
451	140	139.894	55.5839	96	0	0.0462945	1.16631e-05	0	199.299	5.13813	38.4717	0.0289088	0	0	198.299	18.413	129.585	11.4475	33.0095	17.6979	34.068	11.3062	19.605	3.90972	-4.33146	0.618673	-5.74908	0.618673	-2.71631
1344	134	203.957	42.6783	96	0	0.0627644	1.91009e-05	0	202.234	8.45485	23.1227	0.0111843	0	0	228.756	61.0232	69.5339	26.384	79.1574	58.8363	109.232	19.6289	11.4806	2.41433	2.30255	0.875974	-0.318172	0.875974	-0.610642
553	165	136.945	52.0716	96	0	0.0623374	1.44144e-05	0	201.242	6.56928	29.7033	0.0160566	0	0	161.894	13.7817	162.941	9.75195	24.3526	13.0244	15.0615	9.66346	11.5875	1.97614	-1.62248	0.727551	-3.07633	0.727551	0.677551
1391	532	239.485	28.7956	96	0	0.0773485	1.64869e-05	0	310.401	7.75296	36.2999	0.0433442	0	0	500	0	386.289	60.7192	300	0	-184.246	60.7023	25.7905	2.2414	1.59403	0.392834	-0.187892	0.392834	1.87987
774	34	168.792	61.1102	96	0	0.0566054	1.08906e-05	0	206.223	4.70223	39.2775	0.00969862	0	0	363.259	71.3576	500	-0	161.579	69.7022	300	-0	26.0679	3.10195	2.68975	0.43574	0.423386	0.43574	3.56585
892	127	122.412	34.927	6752	0	0.0824927	1.95621e-05	0	266.801	10.0446	36.1045	0.045771	0	0	358.834	21.7002	225.449	13.3889	62.8724	19.9286	35.8912	13.2299	36.0542	2.48415	-0.522764	0.259856	-1.54881	0.259856	-0.846633
1176	292	253.564	31.3975	96	0	0.0989842	2.21686e-05	0	211.15	9.07124	27.088	0.03126	0	0	268.578	47.3253	154.324	27.3158	-16.7133	44.0884	-18.8448	25.6733	15.9158	2.20416	0.527571	0.535333	-1.67186	0.535333	-0.808493
907	231	162.947	55.3857	96	0	0.0739271	1.80512e-05	0	320.04	8.31093	33.6899	0.0112118	0	0	500	-0	302.032	31.1296	300	-0	138.711	30.511	22.9979	2.77711	0.230111	0.434453	-2.18678	0.434453	1.30202
959	431	201.319	59.0796	96	0	0.0749053	1.48885e-05	0	221.974	6.13476	30.0292	0.0121508	0	0	500	-0	166.87	34.2399	158.305	73.6932	-0.966594	31.9639	15.3422	1.7476	1.34021	0.506724	-0.460607	0.506724	1.23058
1049	381	224.02	47.4535	96	0	0.0871908	1.9014e-05	0	298.367	8.59883	29.4374	0.0258722	0	0	500	-0	447.348	100.555	300	-0	37.4361	104.38	14.891	2.25092	0.294463	0.660758	-0.303676	0.660758	-10.5029
633	383	254.088	39.2752	6240	0	0.0620657	1.40832e-05	0	265.892	6.64268	37.2637	0.016236	0	0	500	-0	500	-0	300	-0	300	-0	19.5975	2.65344	1.57301	0.499607	-0.393631	0.499607	3.0562
1044	602	212.956	52.8167	6752	0	0.076489	1.55842e-05	0	263.107	7.42002	36.3472	0.00935679	0	0	330.387	32.9567	246.144	19.1239	16.734	31.1197	26.9076	18.591	34.3364	2.31644	0.288191	0.288148	-1.26457	0.288148	-0.0373326
1392	360	239.123	27.5768	96	0	0.088577	2.1923e-05	0	233.371	8.73512	22.2812	0.0401097	0	0	324.546	78.7526	163.859	50.7192	-300	-0	-178.943	47.9147	11.5868	2.24024	0.49513	0.865124	-1.2509	0.865124	-1.26998
828	189	129.047	38.5348	96	0	0.0565891	1.52159e-05	0	214.713	7.06032	28.6143	0.0436942	0	0	500	0	436.67	104.293	300	0	300	0	12.3897	2.08508	1.4989	0.619954	-0.721043	0.619954	2.69891
954	405	180.976	60.8186	96	0	0.0643798	1.46721e-05	0	199.448	6.3841	30.3672	0.0170729	0	0	167.032	28.8724	178.448	33.1158	-52.3476	26.9931	-6.12539	32.4906	13.8318	1.74081	0.214712	0.510165	-1.81983	0.510165	-0.586416
1309	100	173.097	55.9674	6240	0	0.0515404	1.42365e-05	0	195.356	6.14761	28.2008	0.0188785	0	0	500	-0	500	-0	300	-0	300	-0	11.7734	2.38731	1.56597	0.783249	0.709721	0.783249	-5.44479
945	176	151.216	54.5679	96	0	0.0470055	1.21157e-05	0	268.685	5.44866	42.9568	0.00903515	0	0	500	0	337.21	27.0139	300	0	94.3251	26.8739	25.771	2.95718	0.0916301	0.379018	-2.39987	0.379018	-0.648621
1039	35	197.655	54.4947	6240	0	0.0639413	1.77702e-05	0	201.141	7.66415	25.5919	0.0302527	0	0	129.833	60.728	1	-0	-18.5182	54.8051	-25.8696	19.071	13.761	2.64981	3.10874	0.761682	1.46137	0.761682	2.02312
1017	284	177.547	53.7224	96	0	0.060313	1.52546e-05	0	231.35	6.63969	30.697	0.0144398	0	0	500	0	410.811	93.3193	300	0	300	0	15.7127	2.46469	1.52547	0.689222	-0.36081	0.689222	3.97102
1013	480	169.763	54.4411	96	0	0.070919	1.25555e-05	0	207.493	5.52377	33.1226	0.0120848	0	0	148.386	31.2305	154.358	18.2673	36.1539	28.9254	43.3407	18.5968	20.029	2.05715	-0.746408	0.402172	-2.61862	0.402172	0.29423
1176	490	253.949	32.2898	96	0	0.0858461	2.46023e-05	0	179.08	10.792	17.319	0.0293669	0	0	227.507	36.2608	125.114	21.5131	-2.22284	34.7783	9.51249	20.3513	6.71321	1.81608	-0.994761	1.08978	-2.69654	1.08978	-0.637638
1347	468	212.517	41.7558	6240	0	0.0937089	2.01953e-05	0	295.172	9.52415	26.9407	0.00935379	0	0	190.618	52.5994	193.947	47.1238	300	-0	115.908	44.4457	20.7277	2.23846	0.466108	0.489048	-1.1233	0.489048	1.39259
1466	446	208.161	46.3498	96	0	0.0622674	1.49636e-05	0	371.618	7.9717	41.1239	0.0184787	0	0	500	0	411.114	84.3148	300	0	264.696	89.3366	38.2066	2.5603	1.51236	0.25508	-0.140863	0.25508	1.54223
542	41	116.399	33.963	96	0	0.0625157	1.02105e-05	0	249.305	4.46637	46.782	0.0484939	0	0	500	0	390.889	49.3918	300	0	214.209	51.5048	13.5723	1.7135	-0.432203	0.492093	-1.5874	0.492093	1.12082
546	471	122.597	42.2739	6240	0	0.0634993	1.38523e-05	0	357.64	6.54985	43.9166	0.0468876	0	0	500	-0	500	-0	300	-0	300	-0	24.2871	1.77648	1.86884	0.273613	0.148113	0.273613	2.84423
1056	582	243.726	37.1851	96	0	0.0584654	1.31777e-05	0	232.72	5.78691	34.3125	0.0178242	0	0	500	0	365.302	53.5103	253.839	76.009	174.959	56.7422	20.373	1.86329	0.53468	0.389129	-1.01769	0.389129	-0.472923
1163	410	221.666	55.5304	96	0	0.0747755	1.65719e-05	0	215.883	7.04842	26.3816	0.0141463	0	0	261.255	58.4987	125.928	37.4641	-41.7751	56.0585	-115.684	34.0204	14.1914	1.71663	1.91614	0.568527	-0.304247	0.568527	0.431069
607	51	219.098	60.4713	96	0	0.0495769	1.17746e-05	0	204.894	4.82926	38.04	0.0135383	0	0	500	-0	500	-0	300	-0	300	-0	24.7236	3.28959	2.07087	0.508374	-0.117739	0.508374	2.1332
1288	379	217.083	45.986	96	0	0.0735605	1.62508e-05	0	216.43	7.85759	26.6068	0.0154137	0	0	45.4583	35.3883	500	-0	5.69506	20.9845	298.979	88.5352	16.3094	2.14915	2.43995	0.49869	0.397618	0.49869	1.8074
621	570	242.384	53.7661	96	0	0.064267	1.83647e-05	0	230.6	7.30506	26.8752	0.013553	0	0	500	-0	213.089	12.258	300	-0	48.4992	15.6001	7.30372	1.58228	-12.7644	0.87802	-14.4996	0.87802	-3.5373
1045	407	213.835	52.3459	96	0	0.0745125	1.59246e-05	0	263.012	8.08943	31.2273	0.0129657	0	0	500	0	469.962	109.551	300	0	300	0	19.7916	1.96496	2.49458	0.397732	0.507319	0.397732	2.89787
791	127	221.417	56.2107	96	0	0.0793683	1.77323e-05	0	192.953	7.7373	24.9981	0.0192122	0	0	136.2	30.8012	166.206	22.4539	-25.3759	28.0235	65.9425	21.6561	13.3541	2.28838	0.856199	0.823073	-1.27443	0.823073	-0.782287
903	452	151.312	53.149	6240	0	0.0463015	1.22125e-05	0	228.979	5.36354	36.6416	0.00899274	0	0	500	-0	500	-0	300	-0	272.202	104.284	20.9305	1.98185	1.20116	0.390926	-1.26329	0.390926	0.483966
1018	383	179.967	55.5349	6240	0	0.0807791	1.22422e-05	0	292.434	7.19074	38.0929	0.0137893	0	0	185.683	10.3867	157.638	4.36785	7.1524	9.90074	13.2464	4.48955	17.2702	1.41698	-5.54483	0.374229	-6.65579	0.374229	-2.34519
947	558	158.463	57.0559	96	0	0.0461925	1.10912e-05	0	254.402	5.30211	40.9818	0.00649381	0	0	500	-0	500	-0	281.728	60.3519	300	-0	35.7026	3.22302	1.60581	0.306202	0.408587	0.306202	1.90677
934	176	131.815	35.4751	96	0	0.0535539	1.51186e-05	0	265.292	7.19887	33.9514	0.0357631	0	0	500	-0	47.4346	54.969	236.542	86.4388	32.0411	29.6209	24.1611	2.45145	2.11886	0.380379	0.162792	0.380379	0.909511
543	11	119.107	37.0583	96	0	0.0774518	1.68828e-05	0	229.659	7.15579	30.0988	0.0481529	0	0	500	-0	129.702	27.5848	300	-0	75.531	24.6455	17.9014	2.49716	1.81027	0.554481	-0.0724199	0.554481	0.598821
618	508	237.894	53.395	6208	0	0.0642393	1.00471e-05	0	188.966	4.44419	39.5035	0.015389	0	0	160.661	15.3844	140.51	8.95559	-19.8629	13.9971	7.3867	8.85784	17.5888	2.19661	-3.399	0.412283	-5.35722	0.412283	-0.619014
355	494	258.846	57.4112	96	0	0.0273026	8.38104e-06	0	292.254	4.54176	53.4732	0.0357242	0	0	242.412	10.2681	218.806	4.34859	-27.9021	9.60284	-34.3013	5.01934	57.2197	4.28704	-11.3267	0.300738	-12.5606	0.300738	-8.6118
436	336	118.715	45.7051	96	0	0.0525676	1.24269e-05	0	223.421	5.53124	36.0711	0.0658042	0	0	500	0	414.104	72.149	300	0	300	0	20.6378	2.33381	1.85697	0.41312	-0.448388	0.41312	-0.595398
1393	393	240.923	26.878	64	0	0.0891292	1.96059e-05	0	150.58	7.02156	21.8641	0.0440962	0	0	1	-0	55.3252	28.0176	28.9624	24.1385	-131.704	17.9471	12.8927	2.46504	3.13392	0.712524	0.532436	0.712524	0.768895
899	540	138.282	47.7084	6752	0	0.0513485	1.12155e-05	0	234.595	4.8561	37.3618	0.0177517	0	0	500	-0	185.677	15.776	300	-0	77.1586	16.7344	18.2414	2.05738	-1.42102	0.360905	-3.94539	0.360905	-1.33024
945	42	152.292	54.2255	96	0	0.0476285	1.06898e-05	0	245.24	4.80327	45.2967	0.0084037	0	0	500	-0	430.891	84.1057	300	-0	126.26	84.027	22.7668	1.61249	1.63644	0.315261	-0.144987	0.315261	3.79718
941	466	146.709	43.4239	96	0	0.0722105	1.1744e-05	0	175.344	5.36106	30.1318	0.0152955	0	0	211.357	8.00865	231.317	4.36001	35.7547	7.38349	-12.7207	4.73419	18.5602	2.07735	-13.2988	0.470379	-15.0055	0.470379	-7.63037
890	349	117.598	31.9902	96	0	0.056097	1.20634e-05	0	202.909	5.25221	35.0875	0.061807	0	0	500	-0	369.484	69.1539	300	-0	300	-0	15.7611	1.71681	2.11976	0.402504	0.132055	0.402504	4.04439
1334	190	238.758	41.5783	96	0	0.0335628	1.16401e-05	0	239.316	5.60379	39.5109	0.0186636	0	0	500	-0	73.1727	44.7748	300	-0	-138.632	29.3418	38.568	4.30431	1.60699	0.379441	-0.176555	0.379441	0.64009
948	592	162.3	57.8373	96	0	0.0725582	1.68786e-05	0	270.898	7.97363	30.2784	0.0105629	0	0	500	-0	191.844	46.847	223.317	79.5417	70.0878	49.1397	16.3434	2.50929	0.657326	0.512143	-1.10786	0.512143	1.03243
445	606	131.088	51.4059	4704	0	0.0968162	3.00073e-05	0	234.094	11.8332	15.9117	0.0242865	0	0	195.174	31.0556	169.04	17.8911	-95.9788	29.1724	-83.4096	17.5706	7.1654	1.96611	-0.540052	0.953345	-2.7839	0.953345	-3.10948
1163	459	222.129	55.411	64	0	0.073027	2.1993e-05	0	199.322	9.00765	20.2016	0.0137001	0	0	202.54	30.7748	187.364	25.7242	18.9696	29.2001	-13.0168	25.5424	9.14535	1.72427	-0.691698	0.816048	-3.08596	0.816048	-3.04479
892	143	122.535	35.2753	6240	0	0.0839909	1.65944e-05	0	275.894	7.23539	32.8966	0.0500117	0	0	500	-0	500	-0	300	-0	300	-0	15.1463	1.85785	0.876934	0.510557	-0.903279	0.510557	-1.24158
907	325	162.424	56.6413	96	0	0.0461773	1.2676e-05	0	269.41	6.41114	37.908	0.0105376	0	0	500	0	436.372	69.5477	274.365	58.457	106.058	73.8615	28.9707	2.87681	0.823879	0.395032	-1.05555	0.395032	0.247687
817	68	250.026	39.4566	96	0	0.0958396	1.77868e-05	0	278.222	7.76905	30.2352	0.0123911	0	0	500	-0	227.711	39.4081	300	-0	128.996	38.5823	12.4686	1.15829	0.714599	0.487036	-1.73504	0.487036	0.077015
1171	491	244.502	41.3922	6752	0	0.061189	1.43243e-05	0	211.13	6.31918	29.9891	0.00987755	0	0	163.205	25.8931	139.07	15.6141	-34.3366	24.0226	-48.9343	14.7244	16.8814	2.14727	0.0911029	0.502885	-1.78961	0.502885	-0.0488496
1044	559	212.482	52.5531	96	0	0.0820817	1.92391e-05	0	226.703	8.52074	24.4508	0.0123292	0	0	1	-0	1	-0	26.4872	18.0429	41.4865	17.9066	9.81309	1.64048	2.13613	0.700188	-0.27081	0.700188	-0.456647
350	142	258.875	64.6643	96	0	0.0789759	1.52278e-05	0	312.251	6.22792	41.015	0.0264491	0	0	500	-0	248.196	68.053	300	-0	115.466	65.5648	17.4428	1.58345	1.64092	0.398023	-0.55607	0.398023	2.77898
883	286	181.368	51.4799	96	0	0.0853738	1.89282e-05	0	222.475	8.03131	26.3619	0.0230921	0	0	500	-0	500	-0	300	-0	300	-0	11.9297	2.38718	0.968368	0.782374	-1.24975	0.782374	2.57904
622	418	242.034	49.201	96	0	0.0594002	1.42838e-05	0	262.37	6.63618	32.1869	0.0201987	0	0	500	-0	201.912	27.763	300	-0	84.0081	26.7327	17.8731	1.92543	0.914434	0.490348	-0.834908	0.490348	-0.147771
1279	637	194.614	50.2806	96	0	0.0993291	1.98392e-05	0	225.481	8.79293	22.3984	0.0172874	0	0	214.906	30.5539	191.394	16.3186	-2.72596	28.8991	21.0616	19.8047	11.1289	1.81528	-5.2285	0.610076	-6.96848	0.610076	-2.67169
1328	97	223.064	50.3736	96	0	0.0943013	2.19076e-05	0	245.93	8.79981	23.4853	0.0197567	0	0	1	-0	281.538	49.6495	49.7646	22.5578	120.225	49.4054	14.9913	2.28775	1.14406	0.695458	-0.427725	0.695458	2.41059
1011	476	164.942	53.8036	96	0	0.07115	1.527e-05	0	307.686	6.59113	39.2575	0.0132198	0	0	500	0	411.184	65.747	300	0	300	0	24.6022	1.80565	1.56278	0.304214	-0.213362	0.304214	2.38942
1319	291	196.778	55.8308	96	0	0.0942402	2.14776e-05	0	211.642	8.83065	21.6228	0.0130416	0	0	41.5517	53.2619	481.012	91.1847	-3.47215	28.4249	255.328	99.5227	9.9696	2.04018	1.30611	0.800853	0.0482185	0.800853	6.22728
864	24	130.855	36.1887	96	0	0.0529345	1.36544e-05	0	274.198	6.17697	38.1851	0.0367425	0	0	500	-0	271.16	30.4332	300	-0	255.333	37.1883	30.3361	3.91773	-1.86067	0.397982	-2.94293	0.397982	-1.94554
491	476	170.564	67.2219	6240	0	0.0559639	9.60476e-06	0	263.544	3.9178	59.8767	0.0136677	0	0	263.494	7.10565	234.886	3.37222	63.8506	6.64035	66.1087	4.03354	19.4428	1.4296	-14.0221	0.306519	-15.5741	0.306519	-6.13211
436	414	119.184	45.8769	96	0	0.0529497	1.16264e-05	0	269.077	5.92019	39.0225	0.0513344	0	0	200.442	12.7769	171.375	6.57978	36.1095	12.2611	34.8984	8.19257	24.4151	2.02438	-8.37752	0.386246	-9.84661	0.386246	-3.91866
891	471	120.305	34.6752	96	0	0.0826929	1.72194e-05	0	225.952	7.44178	27.8936	0.0579968	0	0	130.363	27.4049	105.759	19.539	17.8675	25.0793	17.4759	17.3729	11.1698	1.62335	-0.0417655	0.539677	-2.0042	0.539677	-1.33979
1163	41	223.054	53.4252	96	0	0.0953231	2.38734e-05	0	207.88	9.48083	20.0755	0.0119115	0	0	1	-0	500	-0	67.0575	18.4752	300	-0	8.13187	1.58183	0.595737	0.936972	-1.10508	0.936972	0.476926
815	77	246.855	42.6797	6240	0	0.0313842	1.16429e-05	0	228.603	4.95042	38.1069	0.0100214	0	0	201.802	18.589	183.156	10.805	65.855	17.5312	87.4374	11.4703	28.421	4.4118	-3.90962	0.520384	-5.41164	0.520384	-1.22347
449	539	134.652	54.3174	96	0	0.0858245	1.66007e-05	0	341.672	7.8779	36.8232	0.0159447	0	0	500	-0	500	-0	300	-0	300	-0	18.0338	1.49464	1.48474	0.323236	-0.156118	0.323236	1.16616
366	454	261.969	60.0973	96	0	0.0278347	9.03757e-06	0	231.055	4.38761	45.8332	0.0259684	0	0	218.192	15.7692	181.313	8.46516	36.222	14.9174	51.8858	10.7585	38.1266	4.11011	-7.19705	0.395863	-8.58141	0.395863	-4.6371
1040	308	196.483	53.6593	96	0	0.0294389	1.05527e-05	0	247.469	4.91221	43.6616	0.0211553	0	0	500	-0	256.732	54.9643	300	-0	179.339	53.9858	46.246	4.07869	1.43435	0.40977	-0.750924	0.40977	0
1158	596	209.749	58.4	96	0	0.0602031	1.31146e-05	0	291.277	7.04875	37.251	0.0112919	0	0	254.777	28.1811	231.149	14.1301	-12.7548	26.623	9.81293	18.9291	25.9691	2.21912	-3.85565	0.329887	-5.40813	0.329887	-1.78332
1392	385	239.448	27.7414	96	0	0.0882969	2.16214e-05	0	201.076	8.83344	20.7177	0.0392394	0	0	190.174	15.5639	151.056	17.2508	-13.4726	15.0792	-6.20926	16.7647	10.6143	2.41284	-2.01644	0.873	-3.94295	0.873	-3.03811
894	367	126.502	40.9811	96	0	0.0575645	1.31313e-05	0	295.049	6.40228	39.7428	0.0417332	0	0	500	-0	500	-0	300	-0	74.9922	112.532	24.2234	1.68719	1.60917	0.313863	-0.00986193	0.313863	2.56897
1327	372	218.291	53.2327	6240	0	0.0441559	1.28842e-05	0	270.261	6.19467	38.4159	0.00763783	0	0	500	0	476.695	111.086	300	0	300	0	37.6346	2.93322	2.04493	0.347919	0.0311924	0.347919	1.8241
435	534	118.935	41.2039	6240	0	0.0742581	1.35734e-05	0	253.521	6.09857	36.2113	0.0421756	0	0	500	-0	231.971	53.121	300	-0	2.31658	51.772	16.8689	1.54757	1.20329	0.37323	-0.313525	0.37323	1.80458
961	376	156.433	47.3264	96	0	0.062131	1.2917e-05	0	264.021	6.39862	36.0743	0.00958085	0	0	500	-0	500	-0	300	-0	298.591	85.0096	19.2326	1.71242	1.03227	0.345989	-0.190681	0.345989	1.735
1325	123	213.488	52.7645	96	0	0.0846994	1.32049e-05	0	128.755	6.97128	22.3228	0.0115317	0	0	98.138	3.40659	101.844	4.97403	2.02844	3.14723	4.26412	4.58046	10.206	1.60573	-4.7115	0.755013	-6.19342	0.755013	-3.47507
1326	5	218.395	52.7195	96	0	0.0450477	1.5996e-05	0	266.99	7.26423	33.4003	0.00800414	0	0	500	0	444.6	110.971	300	0	252.803	112.403	24.9065	3.04925	1.10178	0.572482	-0.68457	0.572482	1.42425
623	61	243.582	50.4656	96	0	0.0602584	1.77567e-05	0	225.27	7.53396	28.5771	0.0197921	0	0	220.932	7.15774	234.936	3.89349	-52.7242	6.78122	-42.0602	4.59766	19.4733	3.0244	-44.4421	1.03818	-45.4467	1.03818	-27.0707
1163	623	223.741	54.8358	96	0	0.0709707	1.71528e-05	0	233.157	7.06615	27.4817	0.012056	0	0	500	-0	327.852	65.0607	300	-0	300	-0	13.9404	1.40457	1.14484	0.535216	-0.445108	0.535216	2.08102
1287	212	215.4	44.7081	6240	0	0.0908237	1.96365e-05	0	277.536	8.52648	28.0237	0.007919	0	0	500	-0	500	-0	300	-0	300	-0	14.5557	1.81562	1.99963	0.536881	0.260099	0.536881	2.46186
1323	322	207.025	56.0994	96	0	0.0688658	1.64345e-05	0	234.745	7.19548	28.7689	0.00807508	0	0	44.6975	48.4292	174.246	48.7866	-14.1619	28.5896	-211.685	50.0405	16.8749	2.47836	2.57531	0.551336	0.11555	0.551336	1.10501
1014	280	171.755	54.3774	96	0	0.0683286	1.63905e-05	0	239.049	7.7369	29.4098	0.0140731	0	0	474.567	109.734	500	-0	72.0564	103.378	300	-0	16.004	2.29779	-0.0413001	0.605561	-1.39924	0.605561	1.38843
1015	222	173.578	54.1869	64	0	0.0694179	1.6793e-05	0	78.8676	7.29247	16.3993	0.00969637	0	0	39.5554	3.60778	55.4928	6.86386	5.98535	2.10788	3.0342	4.84393	9.04703	1.8552	0.432098	0.875352	-1.6876	0.875352	-1.62773
1199	381	133.674	40.4058	96	0	0.0886996	1.8182e-05	0	238.819	7.87919	25.1141	0.0271016	0	0	500	-0	110.18	35.9147	300	-0	32.0618	32.2122	12.2691	1.73184	1.19276	0.563569	-0.713952	0.563569	-0.238849
1017	19	181.221	54.2318	96	0	0.0502783	1.6817e-05	0	201.241	7.34455	26.6951	0.0166722	0	0	141.899	32.5967	146.004	30.569	2.86456	30.1305	0.405534	28.6847	14.6129	2.75171	0.643268	0.744079	-1.18258	0.744079	-0.548717
792	288	223.338	55.0389	96	0	0.0747244	1.36262e-05	0	237.061	5.87815	34.2558	0.0120633	0	0	500	-0	61.7501	30.9248	300	-0	190.25	21.4472	20.644	2.19575	2.01451	0.367732	0.0173837	0.367732	0.444235
1161	617	218.449	56.6081	96	0	0.0745018	1.48693e-05	0	203.528	6.41268	26.9092	0.018184	0	0	157.258	22.4629	137.127	15.5136	24.7471	20.3201	39.2884	15.5671	14.3113	2.47768	-1.19963	0.512827	-3.5504	0.512827	0.698026
1390	638	238.922	28.968	96	0	0.0771899	2.05968e-05	0	192.317	10.4162	22.53	0.045156	0	0	261.29	53.0891	46.5505	35.0966	0.0159604	-0	-75.9497	21.1421	9.15757	1.8918	1.38517	0.813428	-0.340435	0.813428	-0.911121
621	572	242.657	53.4059	96	0	0.0638897	1.276e-05	0	287.442	5.58831	38.8643	0.00837241	0	0	500	-0	500	-0	300	-0	300	-0	22.2202	1.6221	1.06593	0.307188	-0.57986	0.307188	-0.204364
1013	448	170.484	55.0111	96	0	0.0735996	2.20799e-05	0	224.13	9.55752	23.7395	0.0130493	0	0	319.015	44.0944	268.662	41.6105	25.8489	40.5595	102.122	42.9064	11.0204	1.62583	0.654895	0.627887	-1.18773	0.627887	-0.716183
1039	105	196.38	53.909	96	0	0.0915773	2.20077e-05	0	273.719	9.37506	25.4848	0.0237867	0	0	500	-0	1	-0	300	-0	-62.8874	17.0687	13.3497	2.09406	1.33394	0.659042	-0.201121	0.659042	0.73337
1049	440	224.64	47.4976	96	0	0.0854613	1.90192e-05	0	298.868	8.53388	30.7179	0.0284205	0	0	500	-0	433.866	100.259	300	-0	89.0823	100.603	18.4943	1.83266	1.71275	0.438507	0.178734	0.438507	3.7645
350	510	258.628	65.2897	96	0	0.0799092	1.63687e-05	0	218.883	7.22668	29.3892	0.0286192	0	0	195.14	35.2686	152.234	22.6056	-8.86476	32.7077	10.4667	20.7534	9.37565	1.39226	1.34587	0.616736	-0.773966	0.616736	0.703144
545	433	120.705	40.4574	96	0	0.0421724	1.22585e-05	0	257.674	5.64422	39.8666	0.0517112	0	0	500	-0	192.943	14.0448	300	-0	139.735	15.4381	36.3277	3.36341	-2.11716	0.328784	-3.58756	0.328784	-1.94139
881	625	180.066	52.6682	96	0	0.0620491	1.60607e-05	0	192.293	7.43563	24.5166	0.0178699	0	0	154.594	26.6747	94.1353	17.1826	36.7943	24.4102	44.7333	14.2775	10.5228	1.95307	0.110727	0.728504	-1.63573	0.728504	1.43022
1171	184	244.911	40.8763	96	0	0.0607974	1.48307e-05	0	263.275	7.16626	34.2804	0.00703686	0	0	500	0	373.583	77.2962	300	0	276.956	81.4094	24.3305	2.70012	0.843919	0.435927	-1.08901	0.435927	1.33223
1051	437	230.121	44.971	6752	0	0.0633812	1.54822e-05	0	252.833	6.69826	32.4999	0.0240899	0	0	500	-0	102.076	27.9842	161.758	64.2807	38.4732	23.826	22.7152	2.99162	0.346549	0.474406	-1.38308	0.474406	0.569464
449	200	134.021	53.5524	96	0	0.0845908	1.95408e-05	0	264.446	9.04684	27.2938	0.0196454	0	0	500	-0	307.964	41.0579	181.89	66.1191	64.0972	43.8183	9.68872	1.54495	-0.781122	0.628649	-2.56434	0.628649	0.195269
1040	163	198.493	53.4693	96	0	0.062149	1.56453e-05	0	262.264	6.61449	34.8052	0.0290213	0	0	500	-0	500	-0	300	-0	300	-0	26.3886	3.08845	1.32361	0.536869	-0.674171	0.536869	1.18919
760	176	124.471	40.7264	64	0	0.0608685	1.25992e-05	0	208.927	5.12205	34.5755	0.0508581	0	0	144.346	14.8871	164.432	8.2116	9.2273	13.8876	1.96858	8.37582	15.0507	2.90945	-4.22835	0.716064	-5.92867	0.716064	-1.6043
543	90	118.857	36.6914	96	0	0.0773508	2.08942e-05	0	222.183	9.29142	24.4479	0.0465463	0	0	500	-0	500	-0	300	-0	-300	-0	11.1194	2.12458	-0.956109	0.790935	-3.05369	0.790935	2.21559
1169	546	240.237	45.4177	96	0	0.0424975	1.17264e-05	0	204.271	5.3923	34.8402	0.016847	0	0	194.366	21.5047	140.883	14.0423	25.2241	20.2339	23.3806	13.7071	25.3118	2.53577	-0.431394	0.390659	-2.31171	0.390659	0.618013
1008	363	155.4	52.234	96	0	0.0691344	1.49854e-05	0	192.799	6.78016	26.8061	0.0155987	0	0	218.064	61.3966	249.304	59.2649	-25.9722	57.3441	-206.381	60.935	14.3892	1.80656	1.55928	0.526072	-0.228897	0.526072	2.66025
619	158	239.339	54.6711	96	0	0.0469388	1.15206e-05	0	288.726	5.91343	45.9055	0.0129116	0	0	399.199	28.3604	144.168	10.2379	86.1326	25.3182	42.0856	9.55075	53.8762	4.73099	0.381395	0.298909	-0.745284	0.298909	0.312164
932	491	127.152	32.6093	96	0	0.0941062	1.53308e-05	0	244.226	6.79219	30.6268	0.0457553	0	0	500	-0	188.886	26.5346	300	-0	110.56	25.2802	13.2204	1.29345	1.22849	0.406692	-0.583915	0.406692	0.0674851
1344	127	203.785	42.6472	96	0	0.0608881	1.90896e-05	0	219.441	8.43608	23.8398	0.0115943	0	0	205.154	52.6851	135.301	36.8242	3.72562	49.6995	-56.8233	33.4527	14.0642	3.23761	2.31814	0.892802	0.216004	0.892802	0.363584
941	487	146.833	43.4004	96	0	0.0722982	1.29194e-05	0	252.467	5.83737	36.5694	0.0137208	0	0	152.314	50.8578	500	-0	168.646	48.4108	300	-0	22.6637	1.75906	1.83569	0.33074	-0.0532386	0.33074	1.00925
756	35	118.954	34.1512	96	0	0.0722995	1.64716e-05	0	166.603	6.51933	25.1201	0.0464066	0	0	150.732	38.1266	141.156	22.9907	-48.7187	35.119	-3.38344	22.3714	10.6254	2.00107	1.57981	0.762582	-0.932242	0.762582	-0.17858
1007	230	152.159	50.1063	96	0	0.051583	1.22598e-05	0	213.889	5.80984	36.1206	0.00965459	0	0	109.196	36.8742	331.224	65.3814	16.6589	31.5012	44.9711	64.8242	28.7008	3.24785	1.39241	0.406375	-0.445639	0.406375	2.52996
1061	215	119.68	30.7738	96	0	0.0763174	1.97872e-05	0	231.774	8.18374	25.3026	0.0543436	0	0	500	-0	233.477	68.6421	300	-0	260.651	65.7516	13.5665	2.05443	1.79906	0.630373	0.0839518	0.630373	2.00829
1343	280	251.934	29.9419	64	0	0.100262	2.74334e-05	0	264.54	12.5511	19.471	0.0471761	0	0	117.739	52.5028	1	-0	-39.9751	45.6836	21.5666	13.7761	9.84398	2.49872	1.99261	1.0244	0.702077	1.0244	-0.798211
1409	446	248.3	27.0002	64	0	0.071196	2.23346e-05	0	181.941	8.52985	19.9526	0.0575868	0	0	233.907	53.5241	138.961	21.8846	71.4488	50.5393	-15.5073	20.4352	9.98265	2.85131	1.02924	1.12157	-1.22547	1.12157	3.81242
449	467	134.05	53.9253	96	0	0.0986044	1.66143e-05	0	208.304	6.9535	26.2506	0.0203573	0	0	165.578	44.3296	500	-0	-136.758	41.4225	300	-0	10.2663	1.16153	2.14441	0.480566	-0.877772	0.480566	0.09175
1311	316	173.01	57.0226	96	0	0.0675582	1.57629e-05	0	210.49	6.15021	28.0788	0.0134775	0	0	500	0	333.878	77.6367	300	0	-217.318	86.4659	15.8948	2.75083	-0.564415	0.575186	-2.76454	0.575186	-0.436047
555	279	140.864	54.8294	96	0	0.0460541	1.12244e-05	0	273.991	5.28282	46.7307	0.0268673	0	0	500	0	500	0	300	0	-143.293	81.5209	19.8434	2.00318	1.4247	0.38622	-0.734758	0.38622	3.90394
1409	276	247.944	25.5956	96	0	0.0633545	1.708e-05	0	213.239	8.26771	26.717	0.0343646	0	0	167.644	61.6268	1	1626.85	-39.6853	56.934	-48.8895	23.6013	16.395	2.986	1.6463	0.731228	-0.613729	0.731228	-0.597049
1392	259	240.102	26.6764	64	0	0.0899074	3.93466e-05	0	205.677	12.1682	15.1206	0.0487166	0	0	336.627	20.3592	284.998	8.27689	71.8969	17.65	76.378	9.68426	7.83633	2.81583	-28.0033	1.61508	-29.2936	1.61508	-28.2668
941	201	146.787	42.1904	96	0	0.0721346	1.74886e-05	0	263.316	8.76587	29.8217	0.0144629	0	0	500	-0	231.906	29.4216	158.76	60.2043	133.725	30.5262	15.6739	2.71736	-1.57329	0.567007	-2.89594	0.567007	-1.24184
1391	515	239.308	28.2869	96	0	0.0908566	2.24138e-05	0	192.143	9.11307	20.977	0.0383865	0	0	205.82	31.8644	100.391	22.8765	-83.9412	30.1926	10.0776	20.9337	9.11304	2.14233	0.493808	0.990765	-1.83861	0.990765	-0.900208
1326	566	217.452	53.965	6240	0	0.0431448	1.24331e-05	0	254.502	5.84546	36.7113	0.00900892	0	0	180.341	22.0248	157.614	14.5925	-28.771	20.7431	-48.7802	14.8795	31.0285	3.32193	0.193654	0.367796	-1.91668	0.367796	0.120877
1287	490	215.841	46.0921	96	0	0.0733823	1.47553e-05	0	236.29	6.70354	30.1275	0.0142901	0	0	500	0	500	0	300	0	-41.2122	105.601	19.8105	1.76063	0.762479	0.413999	-0.829887	0.413999	2.85127
435	547	119.269	40.9952	96	0	0.0748876	1.37884e-05	0	229.228	5.72313	33.3384	0.0456077	0	0	500	0	461.108	97.505	300	0	207.387	97.4357	14.1928	1.63724	1.71634	0.440249	-0.266605	0.440249	1.98918
449	10	135.284	52.7408	96	0	0.0990172	2.09995e-05	0	228.692	8.11571	22.7222	0.0192934	0	0	311.843	71.1981	91.0749	34.0769	-229.786	71.4181	35.4509	29.175	9.28822	1.50824	1.58871	0.667162	-0.0759282	0.667162	0.106695
1161	352	214.667	56.4695	96	0	0.0741107	1.59938e-05	0	227.779	7.17973	28.4711	0.0159244	0	0	171.63	53.1786	407.249	103.116	13.554	49.7507	137.14	107.889	12.9216	1.76471	3.19311	0.585396	0.700884	0.585396	5.52311
1198	361	133.897	40.4648	96	0	0.0874653	1.98375e-05	0	303.834	9.35733	28.3025	0.0230058	0	0	500	-0	171.718	27.0076	156.37	32.0619	155.559	27.7248	15.3788	1.9912	0.234007	0.458224	-1.77367	0.458224	-0.118458
1288	201	217.912	44.0053	96	0	0.0957077	2.11104e-05	0	252.634	9.71272	24.1331	0.0168923	0	0	61.8376	58.1706	305.586	70.7743	74.7931	40.4894	-164.742	68.0684	12.2527	1.72554	0.917236	0.647577	-0.919142	0.647577	0.460498
879	539	172.488	52.2237	96	0	0.0483104	9.96574e-06	0	244.75	4.57067	48.3014	0.0183726	0	0	500	-0	500	-0	300	-0	142.407	101.632	30.1945	2.12116	1.34607	0.299735	-0.523389	0.299735	1.81595
949	110	164.313	57.7575	96	0	0.0766484	1.71326e-05	0	197.326	7.63371	25.7818	0.00662975	0	0	229.45	25.7709	206.41	19.0392	22.7899	24.554	34.4911	24.2204	11.8652	2.39607	-5.80255	0.695987	-6.9285	0.695987	-5.8442
783	473	195.663	62.4942	96	0	0.0757389	1.34147e-05	0	240.825	6.09164	35.6742	0.017859	0	0	500	-0	278.821	54.1267	300	-0	157.841	52.28	14.4014	1.31052	1.16639	0.430019	-0.862153	0.430019	0.424815
949	341	160.897	58.1063	96	0	0.0714559	1.89337e-05	0	278.958	8.83001	27.7609	0.00979553	0	0	339.633	51.3303	367.216	80.6927	255.265	47.9691	300	-0	18.0447	2.55308	1.09148	0.550105	-0.330671	0.550105	0.358687
1013	482	169.947	54.8154	96	0	0.0721334	1.357e-05	0	203.832	6.20757	30.4737	0.0108558	0	0	162.226	38.2348	140.364	24.55	-97.901	36.023	-103.327	23.832	17.7745	1.90795	0.750969	0.427373	-1.58831	0.427373	-0.527351
1044	504	212.044	52.68	96	0	0.0828746	1.58271e-05	0	238.406	8.23431	26.7432	0.00874642	0	0	146.098	14.111	149.129	6.35107	-0.932345	13.2125	20.6724	6.4807	10.4037	1.98388	-7.80806	0.694821	-9.81917	0.694821	-3.58019
882	589	181.225	52.3954	64	0	0.0631591	1.17983e-05	0	90.2327	8.85747	23.6647	0.0188706	0	0	130.414	1.48721	136.549	1.57481	6.07989	1.44578	-0.908718	1.6238	10.5013	1.61881	-12.6089	0.64654	-13.6717	0.64654	-6.55224
366	275	260.662	58.6057	64	0	0.07967	2.16426e-05	0	147.575	8.14466	20.359	0.0254453	0	0	132.377	33.7585	1	-0	4.32716	30.0702	30.709	30.03	7.91479	2.25066	-0.817415	0.987287	-2.98032	0.987287	-1.04201
1050	93	229.052	45.2331	96	0	0.0635715	1.37413e-05	0	242.744	6.22042	35.1713	0.03367	0	0	500	-0	236.133	62.6064	300	-0	-135.8	65.6443	18.5464	2.00391	1.45713	0.478491	-0.154213	0.478491	-0.527122
543	489	118.662	37.2534	96	0	0.0806919	1.87627e-05	0	172.323	7.09555	22.8224	0.0461165	0	0	203.387	22.8062	161.151	13.6095	8.5713	21.5411	-5.27699	13.6095	8.17449	1.62774	-0.941062	0.813201	-3.36172	0.813201	-2.7753
881	437	177.051	52.8521	96	0	0.0503017	1.35728e-05	0	195.661	6.19438	30.9134	0.0231002	0	0	215.308	16.5882	221.729	10.5219	51.8035	15.5331	20.8385	10.9685	16.4494	2.11245	-4.29788	0.564741	-5.74661	0.564741	-4.42656
1016	359	175.511	55.3906	96	0	0.0666746	1.52639e-05	0	233.562	6.80366	30.2896	0.0169969	0	0	193.173	32.1344	349.884	70.6669	26.4034	30.6024	102.003	76.0007	19.1178	2.49115	0.737496	0.557459	-1.63079	0.557459	1.26709
548	446	125.736	45.4859	96	0	0.0469224	7.34123e-06	0	266.184	3.37753	72.4632	0.047286	0	0	500	-0	500	-0	300	-0	276.362	67.219	32.1314	1.67414	1.57977	0.21583	-0.243672	0.21583	1.70745
959	614	203.211	59.5125	64	0	0.0735871	1.7669e-05	0	145.212	6.7414	19.579	0.0140442	0	0	32.6196	51.9076	1	-0	-0.00320433	-0	-0.00232504	-0	8.54898	1.91531	1.6361	0.881455	-0.876287	0.881455	-0.90497
622	105	243.044	47.9064	96	0	0.093673	1.83488e-05	0	267.481	8.60311	28.6387	0.0104672	0	0	500	-0	500	-0	300	-0	300	-0	16.8548	1.95356	1.07535	0.516462	-0.487447	0.516462	1.58869
879	347	169.708	51.7416	96	0	0.0793576	2.14312e-05	0	184.273	8.92595	22.2758	0.0181591	0	0	500	-0	67.4507	23.9863	300	-0	217.798	18.1596	7.98892	2.3201	1.69891	1.05893	0.0286228	1.05893	-1.28566
491	591	172.914	67.2417	96	0	0.0541236	8.56453e-06	0	222.109	3.99577	51.963	0.0108953	0	0	205.55	10.4072	178.369	6.38478	-15.9107	9.99717	-5.65051	6.72895	21.5276	1.95761	-3.18367	0.309247	-5.10288	0.309247	-2.05948
622	223	242.681	47.5396	96	0	0.0911029	2.11084e-05	0	236.096	8.85958	24.0271	0.0160744	0	0	500	-0	199.609	28.7578	300	-0	50.6206	32.9506	9.86342	2.16816	-2.23816	0.785794	-3.33872	0.785794	-2.13677
952	302	170.658	59.3154	96	0	0.0515111	1.08399e-05	0	236.147	4.682	41.9888	0.00930316	0	0	500	-0	500	-0	300	-0	300	-0	23.7967	2.55612	0.00782639	0.423533	-0.997727	0.423533	-0.31051
1345	555	207.644	43.436	64	0	0.092791	2.47004e-05	0	185.298	9.20597	17.3058	0.0153453	0	0	151.83	33.1601	136.354	21.0176	41.7341	31.248	13.4302	20.9211	7.62955	1.76543	-0.314859	0.887225	-2.53336	0.887225	-2.46036
881	489	178.377	52.6894	64	0	0.071639	1.40804e-05	0	202.242	6.56106	29.6945	0.0276877	0	0	119.118	13.3037	108.117	7.13365	18.9301	11.8695	31.3178	6.49096	14.5491	1.85462	-2.20311	0.492351	-4.01945	0.492351	-1.00505
1167	44	235.255	47.5738	96	0	0.0749819	1.70947e-05	0	240.077	7.8188	28.3501	0.0152999	0	0	500	-0	246.679	66.6943	300	-0	185.526	66.2794	14.7337	2.22551	0.742897	0.562017	-0.789807	0.562017	2.71521
958	29	200.426	58.9401	96	0	0.0751838	3.1789e-05	0	275.049	13.6367	19.9757	0.00826528	0	0	1	-0	73.8828	37.5621	14.2589	28.9886	-228.088	28.3804	8.95688	2.42089	2.17651	0.92875	0.498399	0.92875	0.100869
935	606	134.771	37.5536	64	0	0.0948563	1.69705e-05	0	188.634	7.92043	24.2651	0.0377908	0	0	166.856	14.6964	183.801	8.86387	61.7868	13.8933	16.0967	10.9131	11.1592	1.65235	-10.9731	0.630138	-12.4286	0.630138	-3.48458
1012	403	168.652	54.7599	96	0	0.0728144	1.49288e-05	0	169.142	6.41948	27.0011	0.0111458	0	0	122.664	30.0269	167.876	34.7555	44.4625	26.9645	68.3457	34.1528	11.2299	1.56523	0.981334	0.585829	-1.00428	0.585829	0.51973
451	206	139.571	55.6825	96	0	0.0474334	1.03169e-05	0	227.003	4.44528	44.5884	0.0254132	0	0	500	-0	237.352	33.8759	8.03125	55.2611	24.3115	38.199	27.7123	3.17285	0.13871	0.413243	-2.50497	0.413243	-1.05045
551	400	133.708	51.29	96	0	0.0722452	1.40922e-05	0	225.132	6.09959	34.8578	0.0205552	0	0	259.353	13.6361	208.886	23.6132	15.8893	12.8493	49.8472	23.3072	16.2365	2.12139	0.509777	0.448494	-1.00576	0.448494	-1.29123
932	497	127.189	32.5572	96	0	0.0932579	1.27409e-05	0	142.864	7.16691	23.3984	0.04897	0	0	119.09	4.11697	126.194	6.32509	9.28645	3.93213	10.9657	6.13514	11.7915	1.42813	-2.78903	0.549666	-4.49633	0.549666	-0.846049
544	127	119.617	37.7866	6752	0	0.0408246	1.22111e-05	0	263.218	5.80981	43.1047	0.0465163	0	0	277.81	14.3297	249.553	6.16662	67.978	13.0657	61.5921	6.20118	47.4917	4.26032	-3.62831	0.315364	-5.17674	0.315364	-2.11802
354	13	263.051	59.9416	6240	0	0.0278673	1.01515e-05	0	210.188	4.45718	42.5436	0.0341081	0	0	198.535	9.3986	196.499	2.9789	-31.2027	8.69307	-46.8997	2.93814	62.4239	5.65433	-3.86476	0.387031	-3.72666	0.387031	-1.58041
892	491	122.768	35.9856	6240	0	0.0815208	1.56762e-05	0	256.271	6.35496	34.5749	0.0494681	0	0	179.622	56.8162	451.242	102.642	37.7191	54.7954	300	-0	15.2905	1.54837	1.8357	0.433059	0.141427	0.433059	3.00028
971	277	185.532	49.5878	64	0	0.0853918	1.86077e-05	0	216.312	8.07083	24.7427	0.0180527	0	0	196.578	43.1391	120.597	41.296	106.443	40.9877	-113.909	36.4553	10.3299	1.65002	1.76145	0.662765	-0.851576	0.662765	0.750998
623	556	243.674	52.5666	96	0	0.0624433	1.51836e-05	0	196.376	6.45376	27.3333	0.0212856	0	0	228.725	37.5197	169.232	27.9182	-5.60119	34.8861	-33.3626	26.5504	12.6241	1.73353	1.68906	0.586305	-0.92115	0.586305	1.89932
441	262	123.722	45.792	96	0	0.0402399	1.18102e-05	0	189.933	5.28599	36.0588	0.0509877	0	0	500	-0	500	-0	300	-0	300	-0	21.5948	3.00283	2.67715	0.600879	0.827698	0.600879	6.88059
951	450	170.11	59.853	96	0	0.054999	1.21717e-05	0	226.655	5.49981	38.1943	0.0107539	0	0	174.909	17.5724	208.187	21.8761	-25.7871	16.479	1.97163	22.8828	33.5072	3.21061	0.305348	0.321406	-1.34265	0.321406	-0.755087
629	310	249.376	44.1445	96	0	0.0322838	1.26111e-05	0	236.215	5.71588	43.5093	0.0119472	0	0	203.274	22.433	177.283	19.0136	25.44	20.5661	37.1401	20.5185	70.6631	11.0834	-2.67046	0.335431	-2.92964	0.335431	-1.61313
621	166	241.322	53.1206	96	0	0.0635024	1.36476e-05	0	212.388	5.55839	32.6747	0.014524	0	0	500	-0	345.656	91.4186	300	-0	296.752	92.4606	16.8862	1.94062	1.9402	0.513305	-0.270454	0.513305	4.10361
1326	530	216.833	54.2889	96	0	0.0437351	1.11554e-05	0	229.834	5.34254	37.6946	0.0110171	0	0	191.109	16.412	179.345	9.90164	5.47072	15.5902	41.0839	12.5115	31.7319	3.07771	-5.61161	0.380101	-6.74757	0.380101	-2.23186
889	410	116.635	30.4908	96	0	0.0570368	1.2505e-05	0	262.993	6.23098	38.0895	0.0450922	0	0	500	0	388.559	53.4488	300	0	186.787	55.5084	20.0226	1.58423	0.960314	0.320173	-0.96673	0.320173	1.07126
621	258	240.327	53.243	96	0	0.0621826	1.8006e-05	0	125.634	8.27421	17.0317	0.0160392	0	0	113.292	5.27531	109.207	7.54832	-16.4365	4.87554	-20.8834	6.82398	5.77302	2.09847	-4.57999	1.54527	-6.19085	1.54527	-1.8038
1014	634	175.602	54.7742	96	0	0.0581478	1.19905e-05	0	252.293	5.66309	37.3087	0.0103057	0	0	500	-0	500	-0	300	-0	300	-0	29.9891	2.15922	1.85994	0.313671	-0.0780436	0.313671	3.27578
1009	401	158.161	53.1566	96	0	0.0667863	1.39246e-05	0	228.634	6.19069	32.0168	0.0199879	0	0	449.246	96.2959	500	-0	244.725	93.3137	57.2201	163.647	22.1885	2.17406	1.62758	0.41383	-0.31965	0.41383	1.77364
795	560	233.481	52.8414	96	0	0.0728957	1.37788e-05	0	183.123	5.81025	30.6469	0.0162106	0	0	229.979	33.0661	202.547	27.8482	52.0083	31.3615	25.0582	32.2478	12.5686	1.70816	-0.798662	0.522831	-2.99656	0.522831	0.352876
1056	469	242.808	36.9734	6240	0	0.0674232	1.51997e-05	0	258.104	6.98815	32.7449	0.0138658	0	0	385.88	87.2601	414.163	108.116	-66.8554	85.5455	285.181	113.072	18.3874	1.87636	1.46165	0.410766	0.0649168	0.410766	2.3414
1175	364	251.22	34.2142	96	0	0.0850536	2.04308e-05	0	289.792	9.9142	26.9335	0.0213923	0	0	500	-0	356.698	107.944	300	-0	232.985	110.358	12.2557	1.86141	1.0553	0.676198	-0.321214	0.676198	3.61294
349	29	256.996	63.3613	96	0	0.0776179	1.17927e-05	0	228.672	4.87956	45.7976	0.0282459	0	0	226.604	20.8698	165.608	12.113	25.3903	19.72	43.1209	11.7588	11.424	1.55608	-1.4141	0.439921	-3.17878	0.439921	-1.42982
955	305	182.075	59.6937	96	0	0.0583891	1.22776e-05	0	186.005	4.75652	33.2162	0.0208855	0	0	1	-0	110.648	39.0032	19.6659	34.3329	-95.751	33.1068	21.8355	2.90632	1.71636	0.528527	-0.114334	0.528527	1.29448
1391	264	238.015	27.8666	96	0	0.0809607	2.26973e-05	0	306.392	9.20864	28.4667	0.0304352	0	0	41.469	55.5677	1	-0	-25.4772	28.4773	44.7616	16.2247	15.7209	2.64407	1.11088	0.845276	-0.328741	0.845276	-0.596196
1012	152	169.635	53.8145	96	0	0.0333496	8.02039e-06	0	139.718	3.3191	43.7225	0.0122203	0	0	119.627	11.3739	148.594	8.10638	11.4988	9.9994	20.7101	8.36636	28.9871	2.64838	-3.85829	0.386913	-5.37525	0.386913	-2.46069
1056	450	243.24	37.3961	96	0	0.0679802	1.37557e-05	0	206.538	5.69092	30.6732	0.0155634	0	0	500	-0	500	-0	300	-0	-9.0477	134.209	18.8703	2.07262	1.4616	0.435407	-0.0621361	0.435407	0.343044
486	136	144.924	60.6911	96	0	0.0739465	1.41404e-05	0	196.628	6.01687	32.2796	0.0279015	0	0	202.221	44.5199	285.031	78.9689	3.06724	41.9954	122.924	77.9842	12.0867	1.79121	0.96968	0.555045	-0.465212	0.555045	-0.405837
940	638	146.527	42.2757	96	0	0.0809921	1.55748e-05	0	274.288	7.71521	33.0811	0.0133423	0	0	259.701	110.991	500	-0	-300	-0	19.5134	130.759	20.7038	1.75412	1.53468	0.349826	-0.325799	0.349826	1.46905
792	320	222.845	55.4014	96	0	0.0381837	1.14395e-05	0	249.186	5.65457	38.9931	0.0105941	0	0	144.552	16.4271	115.294	11.5113	-15.964	15.1424	-5.52851	10.8199	26.9071	3.96356	-1.71418	0.408601	-2.60689	0.408601	-0.596236
1332	591	235.019	46.1059	64	0	0.0365581	1.13395e-05	0	198.08	5.17739	36.2873	0.0163846	0	0	117.551	17.8444	106.766	16.8395	28.3234	15.9419	44.1492	16.5121	31.4232	3.16604	-1.25954	0.413575	-2.5478	0.413575	-0.614144
