266 1
266 2
266 4
266 5
266 6
266 8
266 10
266 11
266 12
266 13
266 15
266 16
266 17
266 18
266 19
266 20
266 23
266 24
266 25
266 26
266 27
266 30
266 33
266 35
266 36
266 37
266 39
266 40
266 43
266 44
266 46
266 48
266 49
266 53
266 54
266 55
266 56
266 57
266 59
266 60
266 61
266 62
266 63
266 64
266 67
266 69
266 70
266 71
266 72
266 73
266 75
266 76
266 77
266 78
266 79
266 80
266 81
266 82
266 83
266 85
266 86
266 89
266 90
266 91
266 92
266 94
266 95
266 97
266 98
266 99
266 100
266 101
266 103
266 104
266 105
266 106
266 107
266 108
266 109
266 110
266 111
266 112
266 113
266 114
266 115
266 116
266 117
266 118
266 119
266 120
266 121
266 122
266 126
266 127
266 128
266 129
266 132
266 134
266 135
266 136
266 137
266 138
266 140
266 141
266 142
266 144
266 145
266 147
266 148
266 149
266 150
266 151
266 152
266 153
266 154
266 155
266 156
266 157
266 158
266 159
266 160
266 161
266 162
266 163
266 164
266 166
266 168
266 169
266 170
266 171
266 172
266 173
266 174
266 175
266 176
266 177
266 179
266 180
266 183
266 186
266 187
266 188
266 189
266 191
266 192
266 193
266 194
266 195
266 196
266 197
266 198
266 199
266 200
266 201
266 202
266 203
266 204
266 205
266 206
266 207
266 208
266 209
266 211
266 212
266 213
266 214
266 215
266 217
266 218
266 219
266 220
266 221
266 223
266 224
266 226
266 227
266 228
266 230
266 231
266 233
266 234
266 235
266 237
266 238
266 240
266 241
266 243
266 244
266 245
266 246
266 248
266 249
266 250
266 251
266 252
266 253
266 255
266 256
266 257
266 258
266 259
266 260
266 261
266 262
266 263
266 264
266 266
266 268
266 269
266 271
266 272
266 273
266 274
266 275
266 276
266 277
266 278
266 279
266 280
266 282
266 283
266 284
266 285
266 286
266 287
266 288
266 289
266 290
266 291
266 294
266 296
266 297
266 298
266 299
266 300
266 301
266 302
266 303
266 305
266 306
266 308
266 309
266 310
266 311
266 312
266 313
266 316
266 317
266 318
266 320
266 323
266 324
266 327
266 328
266 329
266 331
266 332
266 333
266 334
266 335
266 337
266 338
266 339
266 340
266 341
266 342
266 344
266 345
266 346
266 348
266 349
266 350
266 351
266 353
266 355
266 356
266 357
266 358
266 361
266 367
266 368
266 369
266 370
266 371
266 373
266 374
266 375
266 376
266 379
266 380
266 381
266 382
266 383
266 384
266 386
266 387
266 389
266 390
266 391
266 392
266 393
266 394
266 395
266 399
266 401
266 402
266 403
266 404
266 405
266 406
266 408
266 409
266 410
266 411
266 412
266 414
266 415
266 416
266 418
266 419
266 420
266 421
266 422
266 423
266 424
266 426
266 427
266 428
266 429
266 430
266 432
266 433
266 434
266 436
266 437
266 438
266 439
266 440
266 441
266 443
266 444
266 445
266 446
266 447
266 448
266 449
266 451
266 452
266 454
266 455
266 457
266 460
266 461
266 462
266 463
266 464
266 465
266 467
266 468
266 469
266 470
266 471
266 472
266 473
266 474
266 475
266 476
266 477
266 478
266 480
266 481
266 482
266 483
266 484
266 485
266 487
266 488
266 489
266 490
266 491
266 492
266 493
266 496
266 497
266 499
266 501
266 503
266 504
266 505
266 506
266 507
266 508
266 509
266 510
266 511
266 512
266 514
266 515
266 516
266 517
266 520
266 521
266 522
266 523
266 524
266 525
266 526
266 527
266 528
266 529
266 532
266 533
266 534
266 536
266 538
266 539
266 540
266 542
266 543
266 544
266 546
266 547
266 549
266 550
266 552
266 553
266 554
266 556
266 557
266 558
266 559
266 560
266 561
266 562
266 563
266 564
266 566
266 568
266 569
266 570
266 571
266 572
266 573
266 574
266 577
266 578
266 580
266 581
266 582
266 583
266 585
266 586
