MEDIAN	P16	P84	P2P5	P97P5	MODE	AVG
10.4853	10.3919	10.5709	10.3217	10.6524	10.5267	10.4956
10.8483	10.7542	10.9361	10.674	11.062	10.8533	10.8622
10.5059	10.4145	10.586	10.3402	10.6611	10.55	10.5143
10.4359	10.3516	10.514	10.2813	10.5914	10.4567	10.446
10.1996	10.1098	10.2806	10.0388	10.3673	10.2467	10.2102
10.5861	10.4936	10.671	10.4166	10.7575	10.6433	10.5961
10.614	10.5242	10.6961	10.4477	10.7744	10.6667	10.6238
10.6729	10.5817	10.7598	10.5083	10.8415	10.69	10.684
10.0067	9.92253	10.092	9.84563	10.2187	10.0133	10.0219
10.5779	10.4865	10.6654	10.4151	10.7506	10.5967	10.5895
10.4651	10.3716	10.5471	10.3029	10.6291	10.48	10.4748
10.6359	10.5476	10.7243	10.4704	10.8076	10.6433	10.6482
10.5989	10.5066	10.6865	10.4378	10.773	10.62	10.6104
10.5128	10.4248	10.5925	10.3529	10.665	10.5033	10.5226
10.6855	10.6013	10.757	10.531	10.8258	10.7367	10.6934
10.658	10.5688	10.7688	10.4806	10.8897	10.6433	10.6788
10.6467	10.5564	10.7295	10.4841	10.8095	10.6433	10.657
10.473	10.3918	10.5556	10.3191	10.6548	10.48	10.4867
10.864	10.7693	10.9594	10.6951	11.0589	10.8767	10.8777
10.5331	10.4429	10.6153	10.3699	10.6943	10.5733	10.5435
10.3503	10.2577	10.4292	10.1891	10.5027	10.3633	10.3587
10.6575	10.5664	10.7472	10.4868	10.8304	10.6667	10.6693
10.4884	10.3992	10.5667	10.3241	10.6322	10.5033	10.4966
10.5778	10.4809	10.6638	10.4131	10.7468	10.62	10.5875
10.4728	10.3796	10.5602	10.3094	10.6457	10.5033	10.4841
10.6933	10.603	10.7771	10.5303	10.8573	10.69	10.704
10.3465	10.2561	10.4282	10.1834	10.5122	10.3867	10.3568
10.4835	10.394	10.5684	10.3178	10.6478	10.48	10.494
10.5065	10.4173	10.5942	10.3446	10.6774	10.5267	10.5186
10.7159	10.618	10.8142	10.5509	10.9277	10.7367	10.7307
10.5147	10.4232	10.6032	10.3498	10.6877	10.5267	10.5263
10.2165	10.1245	10.3068	10.0454	10.3951	10.2233	10.2286
10.4336	10.3403	10.5135	10.2631	10.5832	10.4567	10.4404
10.5209	10.4291	10.6022	10.3563	10.6895	10.55	10.5314
10.5938	10.4967	10.6869	10.4228	10.79	10.6433	10.6058
9.85691	9.76043	9.94167	9.67771	10.0219	9.87333	9.86499
10.5796	10.4828	10.6804	10.4086	10.79	10.5733	10.5949
10.2885	10.1997	10.3755	10.1241	10.462	10.2933	10.3003
10.7052	10.6161	10.7893	10.5423	10.874	10.76	10.7166
9.838	9.74487	9.91874	9.66457	10.0064	9.80333	9.84649
10.6726	10.584	10.7587	10.5121	10.8594	10.7133	10.6858
10.4503	10.3595	10.5367	10.2908	10.6152	10.48	10.4611
10.1795	10.0866	10.2677	10.0159	10.3659	10.2	10.192
10.0585	9.97944	10.1358	9.9116	10.2324	10.06	10.0717
10.7237	10.6361	10.8037	10.5668	10.8876	10.7133	10.7351
10.5054	10.4125	10.588	10.3369	10.6682	10.55	10.514
10.6658	10.5736	10.7575	10.5005	10.8554	10.69	10.6785
10.5625	10.4739	10.6448	10.4051	10.7326	10.5967	10.5746
10.8198	10.7233	10.9005	10.6443	11.0226	10.8533	10.83
10.6694	10.5706	10.7704	10.4923	10.8997	10.6667	10.6849
10.5173	10.4294	10.5913	10.3505	10.6505	10.5733	10.524
10.6946	10.5885	10.7832	10.5073	10.9223	10.7133	10.7061
10.5671	10.4792	10.6479	10.404	10.7222	10.62	10.5766
10.6333	10.5434	10.7202	10.4687	10.8089	10.6433	10.6452
10.8125	10.7196	10.9024	10.6466	10.9953	10.83	10.8246
10.493	10.4012	10.5872	10.3268	10.684	10.5033	10.5069
10.483	10.3933	10.5633	10.3192	10.6454	10.5267	10.4927
10.6768	10.5835	10.7581	10.5057	10.8584	10.7133	10.6873
10.4773	10.3886	10.5565	10.3123	10.6301	10.5267	10.486
10.7247	10.6342	10.8009	10.5597	10.8733	10.76	10.7326
10.5499	10.4596	10.6375	10.3864	10.7285	10.55	10.5625
10.3435	10.2521	10.4261	10.1818	10.5085	10.3867	10.3536
11.2029	11.0335	11.3654	10.8919	11.5057	11.25	11.2121
10.3382	10.2549	10.4047	10.1823	10.4669	10.3867	10.3442
10.54	10.4482	10.6216	10.3716	10.7029	10.5733	10.5492
10.397	10.3056	10.481	10.2292	10.5675	10.41	10.4075
10.587	10.4936	10.6723	10.4171	10.7642	10.62	10.5973
10.5537	10.4697	10.6363	10.3993	10.7219	10.5733	10.5661
10.141	10.0202	10.2615	9.90362	10.3806	10.1533	10.1527
10.5284	10.4369	10.6144	10.3693	10.6962	10.55	10.5396
10.6367	10.5456	10.7234	10.4742	10.8046	10.6667	10.6479
10.6387	10.5506	10.7277	10.4745	10.8125	10.6433	10.6511
10.2708	10.2006	10.35	10.1353	10.461	10.27	10.289
10.512	10.4244	10.5946	10.3468	10.6671	10.5267	10.5222
10.4854	10.3959	10.5709	10.3197	10.651	10.48	10.4962
10.4048	10.3077	10.5005	10.23	10.6191	10.3867	10.419
10.5866	10.4971	10.6747	10.4228	10.7567	10.5967	10.5984
10.7299	10.6458	10.8129	10.5739	10.8961	10.7367	10.7418
10.2052	10.1137	10.2943	10.0333	10.3815	10.2233	10.2164
10.588	10.4972	10.6679	10.4219	10.748	10.62	10.5976
10.5672	10.4766	10.6511	10.4045	10.7238	10.5967	10.5769
10.6949	10.6053	10.7808	10.5291	10.861	10.7133	10.7056
10.6922	10.6003	10.7852	10.53	10.8817	10.69	10.7062
10.6345	10.5398	10.7249	10.4732	10.821	10.6433	10.6469
10.6704	10.5821	10.7495	10.5098	10.8257	10.7133	10.68
10.5601	10.4721	10.6455	10.3963	10.7234	10.5733	10.5715
10.1573	10.0592	10.2514	9.97781	10.3461	10.1767	10.1687
10.5002	10.411	10.5873	10.339	10.666	10.5267	10.5116
10.3026	10.2034	10.3997	10.1332	10.5102	10.34	10.3163
10.4189	10.3286	10.4943	10.2526	10.5664	10.4567	10.4263
10.5654	10.4726	10.6555	10.401	10.7415	10.5967	10.5774
10.3669	10.2742	10.4578	10.2037	10.5592	10.3867	10.3796
10.4894	10.3997	10.5756	10.3254	10.6544	10.5033	10.5005
10.3334	10.2455	10.4157	10.1746	10.4931	10.3867	10.344
9.6415	9.54905	9.73405	9.46488	9.82537	9.71	9.65339
10.5651	10.4722	10.6542	10.4042	10.7394	10.5967	10.5772
10.6736	10.5817	10.7651	10.5079	10.8587	10.69	10.6865
10.6054	10.515	10.6913	10.4395	10.7778	10.5967	10.6167
10.2326	10.145	10.3169	10.07	10.3921	10.2467	10.2437
10.6135	10.5263	10.7003	10.4514	10.7784	10.62	10.6252
10.6026	10.5086	10.6898	10.4382	10.774	10.62	10.6133
10.4066	10.3169	10.4927	10.2483	10.5858	10.4567	10.4193
10.5391	10.4483	10.6234	10.3759	10.7018	10.5733	10.5492
10.6883	10.5984	10.7776	10.5266	10.863	10.7133	10.7005
10.5031	10.4088	10.5929	10.3406	10.6845	10.5267	10.5147
10.441	10.3458	10.529	10.2786	10.6206	10.4567	10.4526
10.1773	10.0833	10.2793	10.0089	10.3838	10.1767	10.194
10.4255	10.3417	10.5035	10.2725	10.5964	10.4567	10.4372
10.541	10.4519	10.6249	10.3756	10.7039	10.55	10.5515
10.0041	9.91603	10.0797	9.83726	10.1431	10.06	10.0114
10.3161	10.2247	10.4091	10.1482	10.5101	10.34	10.3299
10.3176	10.2267	10.4147	10.1525	10.5137	10.3167	10.333
10.5666	10.4827	10.6595	10.4133	10.7563	10.5733	10.583
10.7508	10.6631	10.8398	10.5869	10.9232	10.76	10.7634
10.6113	10.5202	10.6928	10.4495	10.8132	10.6433	10.6235
10.4878	10.3992	10.56	10.3185	10.621	10.5267	10.4937
10.4532	10.3611	10.5477	10.2921	10.6471	10.4567	10.4677
10.5824	10.4916	10.6697	10.4187	10.7897	10.5967	10.5965
10.4241	10.3198	10.5454	10.2393	10.683	10.4333	10.4439
10.5394	10.4477	10.6184	10.3722	10.7095	10.5733	10.5493
10.7133	10.6318	10.794	10.5626	10.8823	10.7133	10.7262
10.015	9.92688	10.0975	9.85437	10.1764	10.06	10.026
10.0038	9.91677	10.0886	9.84279	10.1657	9.99	10.0153
10.1907	10.0919	10.2911	10.0167	10.3946	10.2233	10.2046
10.6994	10.606	10.7894	10.5271	10.8761	10.7133	10.711
10.3867	10.2957	10.476	10.225	10.5638	10.41	10.3991
10.4207	10.3315	10.5004	10.2605	10.578	10.48	10.4308
10.3587	10.2657	10.4515	10.1979	10.5467	10.3867	10.3718
10.1861	10.094	10.2719	10.0252	10.3526	10.2	10.197
10.2991	10.2081	10.3886	10.1337	10.4859	10.34	10.3121
10.6385	10.5381	10.7378	10.4603	10.8686	10.6433	10.6542
10.5331	10.4439	10.6147	10.3747	10.6983	10.5733	10.5439
10.1951	10.1024	10.2743	10.0299	10.3513	10.2233	10.2032
9.85777	9.76512	9.93854	9.69449	10.0214	9.89667	9.86707
10.4032	10.3096	10.5016	10.2282	10.5976	10.41	10.4177
10.6068	10.5163	10.6868	10.4466	10.7674	10.6433	10.6163
10.7048	10.6013	10.801	10.5184	10.9408	10.7367	10.7164
10.3263	10.2474	10.4009	10.1783	10.4781	10.3633	10.3372
10.4125	10.3206	10.491	10.2476	10.5595	10.4333	10.4198
10.6114	10.5153	10.7015	10.4471	10.7998	10.6433	10.6238
10.6375	10.5564	10.7213	10.4823	10.8319	10.6433	10.6521
10.4248	10.3341	10.5142	10.2575	10.6016	10.4333	10.437
10.2227	10.136	10.3109	10.0614	10.3929	10.2233	10.2354
10.572	10.4807	10.6665	10.4073	10.767	10.5733	10.5863
10.8002	10.7036	10.8851	10.6223	11.0068	10.83	10.8114
10.5019	10.4134	10.5809	10.345	10.659	10.5267	10.5118
10.0777	9.98665	10.1588	9.90759	10.2352	10.13	10.0866
10.7311	10.6357	10.822	10.5619	10.9207	10.7833	10.7425
9.91328	9.82244	9.99953	9.7463	10.0772	9.94333	9.92373
10.5672	10.479	10.6551	10.4046	10.7342	10.5733	10.5789
10.3655	10.2772	10.4404	10.2016	10.5236	10.3867	10.3743
10.5193	10.4277	10.6093	10.3549	10.7004	10.55	10.5316
10.5144	10.4243	10.5989	10.3496	10.6853	10.5733	10.5254
10.6268	10.5163	10.7389	10.4349	10.8868	10.6433	10.6433
10.517	10.4237	10.6025	10.3551	10.685	10.55	10.5273
-1	-1	-1	-1	-1	-1	-1
10.3543	10.2587	10.4509	10.1903	10.5606	10.3867	10.3688
-1	-1	-1	-1	-1	-1	-1
10.3719	10.2799	10.4463	10.2017	10.5191	10.41	10.3783
10.3554	10.2621	10.4412	10.1851	10.5348	10.41	10.3664
10.6574	10.5679	10.7327	10.4959	10.8033	10.69	10.6652
10.3627	10.2733	10.4507	10.2026	10.5346	10.3867	10.3749
10.8839	10.8028	10.958	10.7338	11.0289	10.9	10.8934
10.5	10.415	10.5762	10.3461	10.6577	10.5267	10.5104
10.5603	10.4728	10.6379	10.4046	10.7214	10.5733	10.5705
10.17	10.078	10.2583	10.0032	10.3503	10.2	10.1819
10.4041	10.3103	10.4968	10.2325	10.5945	10.4333	10.4166
10.4479	10.3533	10.5346	10.2841	10.6207	10.48	10.4588
10.6556	10.5644	10.7415	10.4886	10.8262	10.7133	10.6666
10.4484	10.364	10.5272	10.2914	10.6053	10.48	10.4586
10.6352	10.5545	10.7151	10.4835	10.8034	10.6433	10.6479
10.4044	10.3131	10.4972	10.2409	10.593	10.4333	10.4181
10.3048	10.2165	10.3882	10.1484	10.483	10.34	10.3176
10.3199	10.2245	10.4123	10.1465	10.5185	10.3633	10.332
10.3705	10.2798	10.457	10.2032	10.5435	10.3633	10.382
10.2079	10.1176	10.2854	10.0414	10.361	10.2467	10.2163
9.56464	9.48275	9.66479	9.41146	9.74434	9.57	9.58188
10.5998	10.5095	10.6822	10.4345	10.7569	10.5967	10.6093
10.7468	10.6676	10.8184	10.5989	10.8901	10.7367	10.7568
10.6003	10.5176	10.682	10.4473	10.7775	10.62	10.6133
10.4146	10.3327	10.4969	10.2643	10.5839	10.4333	10.4278
10.6292	10.5484	10.7094	10.4822	10.7894	10.62	10.6418
-1	-1	-1	-1	-1	-1	-1
10.6766	10.5849	10.7615	10.5089	10.8497	10.7367	10.6871
10.5674	10.4739	10.6539	10.405	10.7361	10.5967	10.5783
10.5964	10.5039	10.6846	10.4355	10.7691	10.62	10.6079
10.2522	10.1608	10.3346	10.0849	10.4151	10.3167	10.2616
10.722	10.6414	10.7989	10.5746	10.8726	10.7367	10.7332
10.6064	10.5053	10.7073	10.4268	10.8434	10.6433	10.6213
10.4983	10.4018	10.592	10.32	10.6898	10.5267	10.5102
10.5161	10.4273	10.5993	10.35	10.675	10.5267	10.5264
10.5726	10.4782	10.6589	10.3998	10.7446	10.62	10.5821
10.6311	10.5303	10.733	10.4498	10.8691	10.62	10.6465
10.0991	10.0049	10.1887	9.92395	10.286	10.13	10.1102
10.2897	10.1956	10.3764	10.1304	10.4676	10.3167	10.3013
10.6835	10.6029	10.7665	10.535	10.8679	10.69	10.6985
10.5542	10.4604	10.6561	10.3812	10.7882	10.55	10.5721
10.5518	10.4564	10.6408	10.3776	10.7581	10.5733	10.5643
10.4572	10.3678	10.5399	10.2929	10.6154	10.4567	10.4669
10.2905	10.1916	10.3953	10.1091	10.5171	10.3167	10.3065
10.4972	10.4049	10.5846	10.3288	10.6765	10.55	10.5084
10.6006	10.5087	10.6858	10.4389	10.7627	10.62	10.611
10.4137	10.324	10.5016	10.249	10.5859	10.41	10.4255
9.88303	9.79051	9.96493	9.72307	10.0482	9.89667	9.89319
10.3948	10.3017	10.4836	10.2244	10.5719	10.4333	10.4058
10.1932	10.0996	10.2759	10.0265	10.3604	10.2233	10.2027
10.3753	10.2846	10.4622	10.206	10.5457	10.3633	10.3865
10.8074	10.7143	10.9008	10.6404	11.0324	10.8067	10.8238
10.6468	10.5549	10.7336	10.481	10.8236	10.6433	10.6585
10.5805	10.4874	10.6624	10.4184	10.7418	10.5967	10.5898
-1	-1	-1	-1	-1	-1	-1
10.6757	10.5819	10.7584	10.5129	10.8462	10.7133	10.6859
-1	-1	-1	-1	-1	-1	-1
10.4651	10.3844	10.5458	10.3167	10.6402	10.4567	10.4787
10.306	10.2199	10.384	10.1528	10.4579	10.34	10.3156
10.6169	10.5314	10.6992	10.4638	10.7826	10.5967	10.6291
10.2994	10.2073	10.3915	10.1302	10.4792	10.3167	10.3121
10.6502	10.5597	10.7358	10.4849	10.8264	10.69	10.6624
10.5228	10.4276	10.6196	10.3584	10.7301	10.55	10.5375
10.3876	10.2877	10.4845	10.2186	10.5981	10.4333	10.4015
10.3338	10.2412	10.4185	10.1609	10.5093	10.3633	10.3444
10.371	10.2838	10.4531	10.2095	10.5229	10.3867	10.3812
10.5172	10.4244	10.6047	10.3483	10.7085	10.55	10.5295
10.5967	10.5061	10.6814	10.4328	10.767	10.62	10.6074
10.2902	10.1992	10.3778	10.1292	10.4567	10.3167	10.3013
10.5564	10.4661	10.6422	10.3928	10.7224	10.5733	10.5674
10.6981	10.619	10.7813	10.5505	10.8544	10.7133	10.7112
10.647	10.5657	10.7284	10.4979	10.8104	10.6667	10.6599
10.4618	10.3691	10.5447	10.3013	10.6195	10.5033	10.4717
10.8964	10.8143	10.9697	10.7455	11.0423	10.9	10.9062
10.4486	10.3529	10.5392	10.2762	10.6401	10.48	10.4607
10.4885	10.398	10.5635	10.3213	10.635	10.5267	10.4956
10.5427	10.4598	10.6219	10.3901	10.7041	10.55	10.554
10.5888	10.4997	10.6747	10.4244	10.7581	10.5967	10.6003
10.5644	10.4466	10.7095	10.3509	10.852	10.5733	10.588
10.5523	10.4609	10.637	10.3834	10.7217	10.5967	10.5629
10.1559	10.064	10.243	9.98777	10.3325	10.1767	10.1671
10.6643	10.5673	10.7597	10.4818	10.8737	10.69	10.6776
10.742	10.6501	10.83	10.5835	10.9203	10.76	10.7545
10.5771	10.4889	10.6603	10.4141	10.7321	10.5967	10.5871
10.5288	10.439	10.6062	10.3645	10.6774	10.5733	10.5368
10.5799	10.5028	10.6514	10.4347	10.7208	10.62	10.5902
10.5804	10.4884	10.6658	10.4134	10.7563	10.62	10.5909
10.4391	10.3472	10.5237	10.2726	10.6059	10.4567	10.4491
10.6486	10.5561	10.7312	10.4798	10.8255	10.69	10.6592
10.5301	10.4446	10.613	10.374	10.7192	10.55	10.5433
10.4419	10.3492	10.5242	10.2739	10.6139	10.48	10.4523
10.3061	10.219	10.3859	10.1543	10.4697	10.34	10.3176
10.8591	10.7686	10.9336	10.6939	11.001	10.9	10.8658
10.4425	10.3542	10.5274	10.2766	10.6059	10.4567	10.4536
10.4932	10.4017	10.5732	10.3255	10.6521	10.5267	10.5019
10.4383	10.3454	10.5215	10.2691	10.609	10.48	10.4477
10.3617	10.274	10.4436	10.1999	10.5128	10.3633	10.3715
10.697	10.6123	10.7804	10.5417	10.8688	10.7367	10.7093
10.6196	10.5266	10.7092	10.4498	10.811	10.6667	10.6326
10.5018	10.4036	10.5974	10.3186	10.6904	10.5267	10.5132
10.679	10.5856	10.7596	10.5076	10.8481	10.7133	10.6886
10.2804	10.1866	10.3665	10.1184	10.4573	10.3167	10.2919
10.6348	10.544	10.713	10.4698	10.8015	10.6667	10.6448
10.62	10.5281	10.7041	10.4579	10.8059	10.6667	10.632
10.348	10.2538	10.4433	10.1857	10.5458	10.3633	10.3625
10.3386	10.25	10.4287	10.1779	10.5258	10.34	10.3523
10.5697	10.481	10.6501	10.4046	10.7205	10.5733	10.5784
10.5799	10.4817	10.6809	10.3957	10.7774	10.5967	10.5932
10.7765	10.6987	10.8641	10.6354	10.9468	10.7833	10.7926
10.2668	10.178	10.354	10.1058	10.4351	10.27	10.2788
10.5587	10.4677	10.6405	10.391	10.7132	10.62	10.5676
10.6101	10.5275	10.696	10.4579	10.7832	10.62	10.6236
10.5806	10.5054	10.661	10.4408	10.7612	10.5967	10.5957
10.2269	10.1325	10.3034	10.0627	10.3754	10.2467	10.2336
10.6909	10.597	10.7805	10.5174	10.8698	10.7367	10.7013
10.1587	10.0658	10.2412	9.99738	10.3153	10.2	10.1678
10.2261	10.1369	10.3139	10.0636	10.4008	10.2467	10.2384
10.398	10.3251	10.4731	10.2583	10.5482	10.4333	10.411
10.8411	10.7511	10.9173	10.6803	10.9946	10.8767	10.85
10.3963	10.3084	10.4738	10.2313	10.5375	10.41	10.4042
10.6304	10.5502	10.7018	10.4383	10.8617	10.6433	10.6376
10.6588	10.5613	10.7577	10.4782	10.8639	10.62	10.672
10.7744	10.6888	10.852	10.6235	10.929	10.8067	10.7853
10.5859	10.5012	10.6654	10.431	10.7675	10.5967	10.5981
10.7447	10.6551	10.829	10.5837	10.921	10.7367	10.7573
10.4806	10.3934	10.5642	10.3192	10.6373	10.48	10.4914
10.6495	10.5557	10.7488	10.4831	10.8314	10.6433	10.6641
10.5897	10.4997	10.6816	10.4246	10.7738	10.5967	10.603
10.2758	10.1858	10.3587	10.1094	10.4792	10.2933	10.2884
10.3617	10.2613	10.4458	10.179	10.5462	10.3867	10.37
10.083	9.99617	10.1613	9.92657	10.2393	10.1067	10.0932
10.4471	10.3677	10.5281	10.3003	10.6127	10.4567	10.4605
10.2479	10.1583	10.3329	10.0844	10.415	10.2933	10.2585
10.415	10.3189	10.5024	10.2439	10.6042	10.4567	10.4264
10.5524	10.4547	10.6398	10.3884	10.735	10.5967	10.5635
10.4588	10.3755	10.5496	10.3052	10.6425	10.48	10.474
10.8055	10.7158	10.8866	10.642	10.9605	10.8067	10.8146
10.7684	10.6731	10.8451	10.5989	10.9224	10.8067	10.7746
10.3745	10.2855	10.4521	10.2131	10.5288	10.41	10.3839
10.6937	10.6177	10.7701	10.5527	10.851	10.69	10.7068
10.4809	10.398	10.5565	10.3272	10.6313	10.5267	10.4907
10.479	10.3904	10.5664	10.3174	10.6458	10.48	10.4906
10.3077	10.2228	10.3915	10.1485	10.4624	10.3167	10.3188
10.4421	10.3475	10.5259	10.2753	10.6024	10.4567	10.4513
10.6254	10.5598	10.7007	10.5034	10.7718	10.62	10.6408
10.6065	10.5173	10.692	10.4426	10.7726	10.62	10.6178
10.5273	10.4368	10.6102	10.3642	10.6907	10.5733	10.5375
10.2589	10.1703	10.3351	10.0992	10.4088	10.2933	10.2676
10.7202	10.6382	10.8032	10.5677	10.898	10.7367	10.734
10.3725	10.2844	10.4629	10.2112	10.5547	10.3867	10.3864
10.4014	10.3145	10.4909	10.2398	10.5778	10.41	10.4145
10.6302	10.5385	10.7085	10.4608	10.7966	10.6667	10.6395
10.4319	10.3401	10.5185	10.2645	10.6076	10.48	10.4424
10.3105	10.236	10.3881	10.1729	10.4669	10.3167	10.3243
10.4563	10.3766	10.5322	10.3083	10.6042	10.5033	10.4673
10.4007	10.3035	10.4972	10.2222	10.5928	10.41	10.4133
10.3646	10.2824	10.4387	10.2082	10.5242	10.3633	10.375
10.331	10.2395	10.4166	10.1652	10.4983	10.34	10.3416
10.4264	10.3332	10.5184	10.2505	10.6096	10.4567	10.4383
10.2898	10.2004	10.3757	10.1209	10.4562	10.2933	10.3008
10.2721	10.1845	10.3489	10.115	10.4154	10.3167	10.2807
10.5676	10.4787	10.6495	10.4107	10.7313	10.62	10.5787
10.3692	10.2801	10.4543	10.2035	10.5346	10.3633	10.3802
10.2581	10.1657	10.3479	10.0866	10.4333	10.2467	10.2698
10.6017	10.5123	10.6878	10.4361	10.7677	10.5967	10.6126
10.457	10.3785	10.5362	10.312	10.617	10.48	10.4701
10.7154	10.6243	10.7975	10.5499	10.8762	10.76	10.725
10.4185	10.3277	10.4986	10.2519	10.5876	10.4567	10.4286
10.3403	10.244	10.4262	10.1772	10.5133	10.3867	10.3505
10.8214	10.7602	10.8887	10.6946	10.9491	10.83	10.8343
10.5963	10.5008	10.6892	10.428	10.7894	10.5967	10.6084
10.4919	10.4133	10.5696	10.3473	10.6537	10.5033	10.505
10.5701	10.4762	10.6595	10.4105	10.7453	10.5733	10.5822
10.7613	10.6731	10.8399	10.6013	10.9133	10.8067	10.7703
10.7632	10.6747	10.8368	10.6038	10.9101	10.7833	10.7708
10.515	10.4167	10.6092	10.3423	10.7055	10.5267	10.5271
10.5474	10.4596	10.6237	10.3886	10.6921	10.5967	10.5559
10.5269	10.4539	10.6061	10.3899	10.6895	10.55	10.5418
10.5325	10.4508	10.6085	10.3786	10.6833	10.55	10.5426
10.4964	10.4097	10.5857	10.3353	10.6713	10.5033	10.5095
10.4202	10.3217	10.5209	10.2483	10.6416	10.4333	10.4358
10.1211	10.0416	10.1962	9.97174	10.2646	10.1767	10.1312
10.8563	10.7747	10.9362	10.7048	11.0365	10.9	10.8698
10.0551	9.96687	10.1379	9.89296	10.2133	10.0367	10.0654
10.2354	10.1467	10.3181	10.0719	10.3948	10.2233	10.2459
10.6351	10.555	10.7121	10.4831	10.7963	10.6433	10.6469
10.4984	10.4094	10.5876	10.332	10.6715	10.5033	10.5105
10.5371	10.45	10.6124	10.383	10.6809	10.5733	10.5457
10.4524	10.3651	10.5334	10.2894	10.6035	10.4567	10.4622
10.5602	10.4674	10.6482	10.3937	10.7382	10.5733	10.5713
10.477	10.3849	10.5587	10.3072	10.6391	10.5267	10.4857
10.3048	10.2138	10.4015	10.1341	10.4949	10.3167	10.3185
10.3462	10.2574	10.4223	10.1838	10.4886	10.3867	10.354
10.5985	10.5213	10.6844	10.4592	10.7718	10.5967	10.6146
10.4169	10.3287	10.5047	10.2541	10.5874	10.4333	10.4291
10.7312	10.6436	10.8123	10.5726	10.8901	10.7833	10.7417
10.4924	10.4039	10.5778	10.3287	10.6574	10.5033	10.5036
10.485	10.3934	10.5748	10.323	10.6669	10.5033	10.4977
9.85248	9.76041	9.94619	9.68092	10.0318	9.85	9.86524
10.5689	10.4821	10.6503	10.4053	10.722	10.5733	10.5788
10.1224	10.0347	10.2102	9.95813	10.2937	10.13	10.1346
10.6822	10.5962	10.7593	10.519	10.8248	10.7367	10.6908
10.4564	10.364	10.5479	10.2952	10.6418	10.48	10.4692
10.2272	10.1309	10.3134	10.061	10.4029	10.2467	10.2374
10.6193	10.5337	10.7053	10.4599	10.8182	10.62	10.6337
10.3569	10.265	10.4474	10.1851	10.5404	10.34	10.3696
10.639	10.5518	10.7254	10.476	10.8036	10.6433	10.6505
10.7093	10.6205	10.7964	10.5481	10.8749	10.7367	10.7207
10.4382	10.3494	10.5109	10.2773	10.5759	10.48	10.4449
10.4002	10.3107	10.4871	10.2435	10.5763	10.4333	10.4126
10.2536	10.1635	10.3348	10.0882	10.4094	10.3167	10.263
10.5557	10.4634	10.6386	10.387	10.7281	10.5967	10.5662
10.5708	10.4839	10.6573	10.4116	10.7386	10.5733	10.5835
10.5538	10.4642	10.643	10.3939	10.7423	10.5733	10.5673
10.5954	10.502	10.6943	10.4334	10.808	10.5967	10.6116
10.4236	10.3388	10.5059	10.2652	10.5883	10.4567	10.4348
10.3639	10.2739	10.4532	10.2016	10.5407	10.3867	10.3763
10.199	10.1111	10.2865	10.0345	10.3635	10.2	10.211
10.3217	10.2284	10.4093	10.1571	10.5021	10.3633	10.3336
10.5575	10.468	10.6393	10.393	10.7182	10.62	10.5673
10.7708	10.6851	10.861	10.6146	10.9561	10.7833	10.7856
10.3406	10.2518	10.4182	10.1795	10.4911	10.3867	10.3493
10.6488	10.5527	10.7496	10.4835	10.8627	10.6667	10.6646
10.2667	10.1752	10.3523	10.1052	10.4301	10.2933	10.2771
10.3595	10.2647	10.4409	10.1994	10.5241	10.3867	10.3688
10.4878	10.3728	10.6127	10.2863	10.7692	10.5267	10.5064
10.6063	10.5147	10.6973	10.4412	10.7863	10.62	10.6189
10.3123	10.2207	10.3942	10.1484	10.4634	10.34	10.321
10.5925	10.5047	10.6778	10.4291	10.7576	10.5967	10.604
10.426	10.3317	10.5079	10.2645	10.5886	10.4567	10.4353
10.2359	10.1474	10.309	10.0762	10.3776	10.27	10.2432
10.3861	10.2936	10.4703	10.2281	10.5487	10.41	10.3965
10.407	10.3176	10.4942	10.2417	10.5849	10.3867	10.4192
10.5382	10.4488	10.6219	10.3814	10.7112	10.5733	10.5505
10.4745	10.3874	10.5602	10.3081	10.6375	10.48	10.4858
10.3281	10.24	10.4084	10.1644	10.4784	10.3867	10.3376
10.5001	10.4076	10.5857	10.3423	10.6673	10.5267	10.5111
10.4858	10.3934	10.5772	10.3218	10.668	10.5033	10.4983
10.5265	10.4344	10.6123	10.3667	10.6893	10.55	10.5373
10.5648	10.4662	10.6629	10.3893	10.8019	10.62	10.5804
10.6948	10.6055	10.7792	10.5356	10.8671	10.7367	10.7069
10.5903	10.5001	10.6782	10.429	10.7588	10.62	10.6021
10.4646	10.3736	10.5476	10.2998	10.6326	10.4567	10.4752
10.4525	10.3627	10.536	10.2831	10.6154	10.5033	10.4624
10.5493	10.4584	10.6288	10.3818	10.7032	10.5967	10.5576
10.4733	10.3804	10.565	10.3123	10.6586	10.5033	10.486
10.4942	10.4011	10.5797	10.331	10.6608	10.5267	10.5047
10.5008	10.4122	10.5754	10.3423	10.6449	10.5267	10.5087
10.1168	10.0148	10.2232	9.93063	10.3293	10.13	10.1316
10.218	10.1246	10.3013	10.0515	10.3856	10.2467	10.2277
10.5048	10.4132	10.5972	10.3394	10.6978	10.5033	10.5185
10.366	10.275	10.4556	10.205	10.5561	10.3867	10.3795
10.2809	10.1946	10.3632	10.1269	10.4455	10.3167	10.2924
10.5743	10.4813	10.6617	10.4088	10.7848	10.5967	10.5876
10.4606	10.3722	10.5338	10.3025	10.6026	10.5033	10.4679
10.1346	10.0421	10.2192	9.96979	10.3155	10.1767	10.1457
10.776	10.6856	10.8552	10.6095	10.9308	10.83	10.7846
10.2369	10.1393	10.3359	10.0653	10.4496	10.2467	10.2518
10.3278	10.2363	10.4101	10.1616	10.483	10.34	10.3372
10.762	10.6831	10.8568	10.6199	10.9438	10.7367	10.7807
10.4337	10.3444	10.5149	10.2706	10.5921	10.4333	10.4433
10.3234	10.2325	10.4043	10.1604	10.477	10.34	10.3325
10.5342	10.4444	10.6165	10.3716	10.7061	10.5733	10.5456
10.5822	10.483	10.6725	10.403	10.7991	10.62	10.594
10.282	10.1925	10.3706	10.119	10.4548	10.2933	10.2943
10.5499	10.4599	10.6361	10.3876	10.7133	10.5733	10.5608
10.2154	10.1223	10.3121	10.0439	10.4204	10.2467	10.2302
10.3809	10.2912	10.4551	10.2184	10.5269	10.41	10.3885
10.3876	10.2935	10.4761	10.2236	10.5686	10.41	10.399
10.5055	10.4118	10.6072	10.3312	10.7059	10.5033	10.5204
10.3941	10.3024	10.4842	10.2296	10.5688	10.41	10.4061
10.2519	10.163	10.3392	10.0959	10.4332	10.2233	10.2655
10.6413	10.5494	10.7255	10.4692	10.8147	10.69	10.6514
10.4719	10.3782	10.5607	10.3041	10.6504	10.5267	10.4829
10.2681	10.1741	10.3518	10.0995	10.4385	10.3167	10.2774
10.0875	9.99875	10.1752	9.92307	10.2597	10.0833	10.0998
10.5303	10.4412	10.612	10.3676	10.6873	10.5733	10.5405
10.2194	10.1233	10.3101	10.0404	10.3953	10.2467	10.2294
10.4215	10.3316	10.5023	10.2568	10.5726	10.4333	10.4308
10.3431	10.2555	10.4282	10.1803	10.503	10.34	10.3541
10.4651	10.3802	10.5454	10.3135	10.6271	10.5033	10.4766
10.1377	10.0372	10.2398	9.95472	10.3378	10.13	10.1514
10.5816	10.4935	10.6602	10.4177	10.7284	10.6433	10.59
10.5616	10.4695	10.642	10.3927	10.7215	10.5967	10.5705
10.3955	10.3037	10.4817	10.2314	10.5609	10.41	10.4063
10.5099	10.4202	10.5959	10.3453	10.6769	10.5267	10.5209
10.6233	10.5332	10.7104	10.4584	10.7982	10.62	10.6351
10.599	10.5184	10.6756	10.448	10.7481	10.62	10.6097
10.4117	10.32	10.5011	10.2502	10.6041	10.4567	10.4254
10.7062	10.6258	10.7905	10.5551	10.8938	10.7133	10.7215
9.98056	9.88906	10.0585	9.8222	10.1311	10.0133	9.98911
10.4429	10.3498	10.5235	10.2814	10.6033	10.4567	10.4521
10.3735	10.2842	10.4585	10.2093	10.5336	10.3867	10.3841
10.6572	10.5631	10.7449	10.4938	10.8413	10.69	10.6691
10.2587	10.1647	10.3393	10.0888	10.4289	10.2933	10.2676
10.0391	9.94745	10.1303	9.87357	10.2255	10.0833	10.0517
