PLATEID	FIBERID	RA	DEC	PRIMTARGET	SECTARGET	Z	Z_ERR	Z_WARNING	V_DISP	V_DISP_ERR	SN_MEDIAN	E_BV_SFD	ZTWEAK	ZTWEAK_ERR
911	391	202.543	-2.10501	96	0	0.0865733	2.13917e-05	0	233.452	8.60414	23.27	0.0403822	0	0
856	375	208.277	5.14974	6240	0	0.0788474	1.69532e-05	0	331.631	7.89657	34.5546	0.0250102	0	0
577	574	159.778	5.20977	96	0	0.0677152	3.71479e-05	0	297.368	15.6765	16.3634	0.0253437	0	0
518	563	184.421	3.65581	6240	0	0.076768	1.6522e-05	0	227.793	7.8844	26.4472	0.0165214	0	0
522	239	191.304	1.8048	96	0	0.047568	1.49228e-05	0	227.679	6.35456	30.5432	0.0228622	0	0
840	337	177.472	5.70079	96	0	0.0743113	1.4322e-05	0	256.473	6.67642	32.9016	0.0141584	0	0
337	329	192.011	-1.65284	96	0	0.0880014	2.01884e-05	0	264.501	8.81559	25.199	0.028686	0	0
311	306	227.107	-0.266291	96	0	0.0903211	1.66974e-05	0	243.604	7.03258	31.1928	0.0583149	0	0
587	268	220.178	3.46542	6752	0	0.0273424	7.98789e-06	0	257.156	3.49509	62.5052	0.033187	0	0
838	459	175.299	5.73474	6240	0	0.0974264	2.50203e-05	0	272.315	10.7561	22.1827	0.0268211	0	0
842	581	182.57	5.38603	6240	0	0.0761677	1.99989e-05	0	249.374	8.79526	27.8278	0.0185455	0	0
271	110	154.934	-0.638366	96	0	0.0935744	2.15929e-05	0	265.681	10.021	25.2115	0.0526983	0	0
503	598	155.632	2.3608	96	0	0.0728156	1.16188e-05	0	249.409	5.2775	41.2284	0.0427914	0	0
295	628	199.136	0.870285	96	0	0.0798575	1.74333e-05	0	212.241	6.73617	27.2777	0.0291613	0	0
529	545	206.136	2.95409	96	0	0.0774436	1.28706e-05	0	252.453	5.83493	36.4282	0.0266112	0	0
1003	466	165.74	7.60386	96	0	0.0709089	1.54444e-05	0	260.907	6.41833	35.5921	0.0399082	0	0
336	610	192.309	-1.68739	96	0	0.0844001	1.84756e-05	0	242.514	8.12465	27.3328	0.0273371	0	0
533	192	213.636	1.73157	96	0	0.0530644	1.43015e-05	0	241.154	6.36485	35.6425	0.0526303	0	0
529	66	206.107	2.10993	96	0	0.0721228	1.36826e-05	0	352.601	7.31616	44.9814	0.0240169	0	0
1628	89	189.735	6.15838	96	0	0.0737898	1.50484e-05	0	243.51	6.97641	32.9514	0.0219068	0	0
481	251	147.955	1.1339	96	0	0.0640329	1.21805e-05	0	160.061	4.60227	31.3347	0.0616479	0	0
839	635	177.888	5.10147	96	0	0.0759878	1.45924e-05	0	274.611	8.18214	30.5112	0.0205196	0	0
590	568	228.221	4.514	96	0	0.0369949	1.50916e-05	0	288.558	6.98685	36.7966	0.0504995	0	0
911	466	202.795	-1.73029	96	0	0.0836522	1.57967e-05	0	227.765	6.82604	29.5429	0.0395813	0	0
583	391	212.885	4.86884	96	0	0.0952384	1.87725e-05	0	186.825	7.69963	20.6601	0.0255702	0	0
504	540	157.246	3.12434	96	0	0.0725595	1.64022e-05	0	326.715	8.76476	34.788	0.0441006	0	0
589	56	226.549	3.14257	96	0	0.0424668	1.28536e-05	0	261.638	5.70181	37.5053	0.0448304	0	0
511	483	170.386	2.88726	96	0	0.048832	1.13438e-05	0	256.914	5.17897	41.1331	0.046641	0	0
592	60	231.988	3.37415	96	0	0.0840444	1.75945e-05	0	251.165	7.56582	29.6704	0.0584125	0	0
1228	588	181.347	10.3795	96	0	0.0948768	1.76892e-05	0	265.309	8.1957	28.378	0.0197938	0	0
1195	276	139.967	7.02659	96	0	0.0792737	1.7831e-05	0	231.761	8.05193	25.6989	0.0417729	0	0
844	280	183.737	5.04247	96	0	0.0789634	1.94092e-05	0	145.751	9.13678	17.1257	0.0205697	0	0
1228	498	180.355	10.6379	96	0	0.0623814	1.32159e-05	0	204.639	5.51133	33.8519	0.0257729	0	0
578	396	159.77	4.64748	96	0	0.0687067	1.50446e-05	0	265.021	7.03547	34.1866	0.0275796	0	0
568	157	141.653	3.46055	96	0	0.0884457	1.69938e-05	0	240.245	7.99815	29.6588	0.0344488	0	0
841	348	178.433	5.54717	64	0	0.0806779	2.59154e-05	0	78.0676	8.90809	13.3198	0.0166315	0	0
506	351	159.831	2.32177	96	0	0.0828007	1.63581e-05	0	278.764	7.49345	31.1799	0.03353	0	0
474	223	140.652	-0.409027	96	0	0.0540149	1.43514e-05	0	237.393	5.88327	34.7437	0.0287962	0	0
590	217	227.498	3.00307	96	0	0.0920199	1.86273e-05	0	270.097	8.66176	28.5169	0.0429987	0	0
849	56	196.226	3.82448	96	0	0.0409963	1.12946e-05	0	108.379	5.6662	31.4939	0.0292114	0	0
268	354	148.408	0.588784	96	0	0.0917737	1.98809e-05	0	274.077	8.34038	28.8997	0.0524572	0	0
341	550	200.759	-1.7114	96	0	0.0852151	1.51923e-05	0	197.561	6.49823	27.3287	0.0300584	0	0
918	152	217.052	-2.52001	96	0	0.0531634	1.3423e-05	0	192.55	5.79916	32.0677	0.0598606	0	0
516	36	181.113	1.896	96	0	0.0197187	8.93326e-06	0	291.943	4.27804	57.8861	0.0269138	0	0
568	624	142.745	3.80771	96	0	0.0889821	1.83757e-05	0	275.529	8.11217	28.3941	0.0432813	0	0
518	382	183.031	2.92393	96	0	0.0754622	1.20237e-05	0	191.217	5.42205	32.5819	0.0167812	0	0
272	480	155.884	0.17373	96	0	0.0956624	1.96051e-05	0	277.786	8.42231	28.495	0.045893	0	0
468	627	134.521	1.15374	96	0	0.0712326	1.48778e-05	0	243.425	6.45034	34.4353	0.0466745	0	0
506	211	160.445	1.38695	96	0	0.0720726	1.28445e-05	0	309.917	6.32451	42.6685	0.0420672	0	0
847	61	192.973	4.5798	96	0	0.0644892	1.55886e-05	0	291.05	7.34877	35.2988	0.0375228	0	0
1228	377	180.06	10.6968	96	0	0.0611843	1.29348e-05	0	207.769	5.57992	33.2589	0.0264345	0	0
506	478	160.498	2.63031	96	0	0.0779617	1.48019e-05	0	268.063	7.02165	35.2408	0.0382896	0	0
583	629	214.964	5.0611	96	0	0.0874708	2.19263e-05	0	217.22	9.22803	21.6384	0.0296684	0	0
269	624	152.105	0.175919	96	0	0.0955293	2.02422e-05	0	265.315	9.17026	26.4601	0.0288279	0	0
521	600	190.677	2.7843	96	0	0.0865387	1.33711e-05	0	295.834	6.32603	40.7979	0.0270933	0	0
590	41	228.313	2.8169	96	0	0.101113	2.37393e-05	0	218.301	10.4157	19.444	0.0400317	0	0
846	528	190.017	6.02142	96	0	0.0756128	1.67688e-05	0	239.346	7.94392	28.3658	0.024322	0	0
311	281	226.688	-1.23171	96	0	0.0711408	1.54724e-05	0	272.454	7.17772	35.8901	0.0700132	0	0
344	477	241.057	0.0535441	96	0	0.0590963	1.51456e-05	0	251.445	6.7198	33.7467	0.155659	0	0
1824	44	212.022	5.41752	96	0	0.0870174	1.94811e-05	0	320.839	9.22543	30.3179	0.0224259	0	0
1189	28	134.17	5.89649	96	0	0.093901	2.32415e-05	0	236.645	9.10713	21.156	0.0546422	0	0
364	409	246.004	0.790895	96	0	0.0574319	1.02805e-05	0	210.179	4.36363	44.0118	0.0853244	0	0
590	161	227.811	3.49876	96	0	0.0769092	1.85471e-05	0	249.072	7.90357	28.7968	0.0461611	0	0
1220	414	165.189	10.5532	6752	0	0.0338405	1.28273e-05	0	293.254	6.17055	41.342	0.0287762	0	0
271	168	154.453	-0.0307648	64	0	0.0635859	1.79329e-05	0	312.423	9.11474	35.9737	0.0456879	0	0
835	137	168.681	4.02452	96	0	0.0416722	1.00514e-05	0	241.214	4.65227	48.02	0.0482129	0	0
339	346	195.143	-2.13406	96	0	0.0851579	1.84925e-05	0	251.582	7.57979	26.2115	0.0220497	0	0
844	257	184.369	4.18332	96	0	0.0791474	1.93162e-05	0	198.6	7.50259	24.7178	0.0189267	0	0
919	357	217.75	-1.80042	96	0	0.053889	1.68088e-05	0	208.652	7.04236	29.3933	0.0432768	0	0
843	501	183.665	5.46776	96	0	0.0777982	1.6588e-05	0	230.03	7.45384	28.0185	0.0190739	0	0
926	105	236.031	-1.90784	96	0	0.0987492	1.91309e-05	0	236.933	7.47362	26.8828	0.143517	0	0
593	410	232.663	3.494	96	0	0.0865164	1.6719e-05	0	275.983	7.39247	31.2053	0.0521765	0	0
591	236	228.974	3.05031	96	0	0.0379254	9.92382e-06	0	213.523	4.72987	41.5174	0.050448	0	0
912	161	204.902	-2.67815	96	0	0.0923669	2.32735e-05	0	207.15	8.75819	21.2932	0.0449717	0	0
519	331	184.881	3.14147	64	0	0.0755922	1.80479e-05	0	260.642	7.99605	27.4283	0.0179948	0	0
534	541	216.198	2.66442	6752	0	0.053501	1.14296e-05	0	240.829	5.45975	40.8135	0.0348375	0	0
1237	433	153.027	8.69253	96	0	0.098442	2.50143e-05	0	234.173	9.4968	20.3974	0.0300163	0	0
914	233	208.215	-2.60848	96	0	0.0751	1.38979e-05	0	316.546	7.71779	36.9719	0.0463262	0	0
510	508	168.926	2.89231	64	0	0.0772957	1.89751e-05	0	151.895	9.38021	18.7358	0.0516274	0	0
582	612	212.587	5.27109	96	0	0.0908175	2.19008e-05	0	244.907	10.2577	23.0861	0.0259647	0	0
272	559	156.589	0.488229	96	0	0.097755	1.78537e-05	0	220.063	7.66866	25.2533	0.0528833	0	0
481	159	148.422	1.70067	6752	0	0.098372	1.95586e-05	0	290.008	9.40128	28.8316	0.0254261	0	0
272	184	155.898	-0.221528	96	0	0.0953293	1.75564e-05	0	259.97	7.0168	29.4528	0.0656244	0	0
337	267	192.428	-3.12267	96	0	0.0895129	2.27019e-05	0	287.649	10.2618	25.2568	0.0239614	0	0
313	25	232.303	-0.252197	96	0	0.0885448	1.92254e-05	0	250.275	7.89724	25.7367	0.0921686	0	0
344	490	241.315	0.138098	96	0	0.0606534	1.57513e-05	0	260.147	6.84466	35.3694	0.212603	0	0
345	594	243.155	0.37997	96	0	0.0431447	1.01687e-05	0	153.631	4.02047	40.5425	0.133843	0	0
855	379	207.382	5.52738	96	0	0.0808386	1.75831e-05	0	225.888	7.21686	26.3845	0.0240446	0	0
1224	35	175.401	9.61395	96	0	0.0772898	2.78664e-05	0	208.84	11.0286	18.1549	0.0399253	0	0
302	125	211.912	-0.955326	96	0	0.0538504	1.36476e-05	0	260.207	5.87861	38.3965	0.0534429	0	0
911	274	202.191	-2.25341	96	0	0.0878845	2.12387e-05	0	241.554	8.55731	25.0296	0.0434499	0	0
1238	202	155.165	7.85942	96	0	0.0450938	1.03464e-05	0	226.312	4.60874	43.7929	0.0247698	0	0
271	477	154.448	0.330301	96	0	0.0959576	1.8686e-05	0	173.453	8.15581	21.577	0.0396105	0	0
278	74	168.272	0.00304818	96	0	0.039636	1.13997e-05	0	250.73	5.33946	41.9239	0.0446629	0	0
581	72	167.602	4.83004	96	0	0.0303661	7.04035e-06	0	115.829	5.62421	37.9829	0.0593938	0	0
1237	386	152.812	8.68582	96	0	0.0974404	2.86408e-05	0	254.944	11.4108	18.6242	0.0342914	0	0
519	483	185.949	2.80748	96	0	0.0783864	1.50695e-05	0	287.944	7.03139	36.4929	0.0160717	0	0
267	22	149.161	-0.35802	64	0	0.087761	1.76898e-05	0	240.419	7.35521	27.6331	0.0443074	0	0
540	636	228.446	2.09804	96	0	0.039013	1.04082e-05	0	211.934	4.19791	40.3632	0.0469726	0	0
1190	116	133.82	4.46781	96	0	0.0724435	1.34308e-05	0	225.845	6.06115	32.8142	0.0537784	0	0
843	481	183.271	5.68968	96	0	0.0829713	1.56575e-05	0	230.097	7.01222	28.297	0.015785	0	0
276	440	162.495	0.322309	96	0	0.0389986	1.07851e-05	0	279.101	4.7702	49.0234	0.0414259	0	0
269	460	150.845	0.84048	96	0	0.098249	2.29754e-05	0	237.378	9.14293	21.6547	0.0236921	0	0
1185	430	125.745	4.2991	96	0	0.0969421	2.03627e-05	0	292.659	9.36197	26.7351	0.0278625	0	0
295	411	198.213	1.0018	96	0	0.0742565	1.26218e-05	0	202.855	5.39103	33.6114	0.0436483	0	0
468	547	134.293	1.41382	96	0	0.0691559	1.38834e-05	0	217.763	5.905	34.524	0.0401902	0	0
343	27	240.306	-0.586521	96	0	0.0564475	1.73252e-05	0	130.658	7.68529	21.4146	0.173423	0	0
269	399	150.776	0.454107	96	0	0.0451042	1.25699e-05	0	266.547	6.16039	37.6793	0.026025	0	0
1184	494	123.882	3.84448	96	0	0.0863852	1.78694e-05	0	211.342	6.93846	25.3408	0.0219353	0	0
1220	160	165.326	9.28667	96	0	0.0361988	1.12765e-05	0	126.242	4.47752	31.4037	0.0259762	0	0
516	268	179.896	1.86709	96	0	0.0775461	2.10099e-05	0	180.473	9.56995	20.6701	0.0231225	0	0
585	421	216.909	4.46033	96	0	0.0560398	1.28453e-05	0	180.832	5.41148	30.7746	0.0300738	0	0
311	398	227.443	0.592805	96	0	0.0887401	2.40284e-05	0	231.879	9.51068	21.3543	0.0525186	0	0
274	253	159.374	-0.677922	96	0	0.0955654	1.35852e-05	0	317.258	6.20951	41.8171	0.0641618	0	0
587	517	221.375	3.92404	96	0	0.0648392	1.00346e-05	0	300.685	4.56219	53.6162	0.0329206	0	0
1195	141	141.325	7.06533	96	0	0.0802746	2.18378e-05	0	259.529	8.31888	25.1044	0.0530607	0	0
1002	187	164.38	6.66045	96	0	0.070238	1.61654e-05	0	210.025	6.36036	29.0379	0.031075	0	0
473	208	139.741	1.14893	96	0	0.0877838	1.28178e-05	0	223.467	5.47785	36.1375	0.0233779	0	0
1004	436	166.814	7.71954	64	0	0.0743194	1.40349e-05	0	193.886	6.2053	29.1056	0.0340376	0	0
854	640	207.321	5.08716	96	0	0.0785366	1.61099e-05	0	213.292	7.43122	29.6221	0.0265806	0	0
591	379	228.796	3.84853	6752	0	0.0783369	1.64079e-05	0	312.849	8.64808	34.2375	0.0426846	0	0
540	517	227.882	1.76388	6240	0	0.039652	1.30329e-05	0	186.198	5.29592	31.8773	0.0500219	0	0
1185	468	125.84	4.37247	6752	0	0.0310627	1.18643e-05	0	222.555	5.23214	37.7391	0.0275824	0	0
518	476	183.464	2.8016	64	0	0.0747004	1.64581e-05	0	146.025	7.69157	22.144	0.0216145	0	0
520	425	187.676	3.1639	96	0	0.0816204	8.99089e-06	0	231.998	4.05189	51.7357	0.0257035	0	0
590	414	227.467	4.40773	96	0	0.0776495	1.99657e-05	0	216.061	8.61876	23.6131	0.0397488	0	0
1834	83	230.344	4.34172	96	0	0.0521574	1.36005e-05	0	279.98	6.04023	38.2071	0.0490464	0	0
918	486	216.925	-1.75573	96	0	0.0538373	1.18708e-05	0	233.256	5.32426	39.6303	0.0475872	0	0
1220	428	164.865	9.83571	96	0	0.064112	2.14514e-05	0	202.136	9.19476	20.4761	0.0292895	0	0
1195	212	140.231	6.83681	64	0	0.0792807	1.90514e-05	0	194.768	7.86614	22.9195	0.0415134	0	0
845	506	188.436	5.53938	96	0	0.0808458	1.28896e-05	0	226.658	5.46427	35.2079	0.0232773	0	0
346	585	245.367	0.603254	96	0	0.0855426	1.69069e-05	0	191.459	7.20529	26.5015	0.0822949	0	0
308	22	223.067	-0.293633	96	0	0.0433819	1.01266e-05	0	191.141	4.60827	40.7354	0.0532576	0	0
581	240	166.545	4.33609	96	0	0.0215332	6.7824e-06	0	183.493	2.59603	64.2951	0.0692801	0	0
593	368	232.458	3.51087	96	0	0.036872	1.2412e-05	0	274.482	6.10344	42.7255	0.0529159	0	0
337	461	192.937	-1.85874	96	0	0.0818256	2.05014e-05	0	270.918	9.99234	25.5184	0.0224134	0	0
339	291	195.281	-3.44796	96	0	0.0833665	1.69228e-05	0	251.624	7.09306	30.5654	0.0306469	0	0
1834	254	229.756	4.52078	96	0	0.0365049	1.19698e-05	0	285.037	5.14491	45.5593	0.0430607	0	0
1220	225	164.995	8.95598	96	0	0.0616739	1.54959e-05	0	233.919	6.31393	31.2182	0.0292906	0	0
839	438	175.554	5.25171	96	0	0.0963036	2.14203e-05	0	254.17	8.89689	24.8364	0.0231832	0	0
287	8	184.205	-0.741765	96	0	0.0708048	1.23318e-05	0	255.85	5.26421	43.5198	0.0227046	0	0
564	162	131.382	2.47587	96	0	0.0765279	1.31604e-05	0	251.054	6.04933	40.5145	0.0435401	0	0
328	169	175.437	-2.74132	96	0	0.0546039	9.5662e-06	0	195.414	3.96883	48.7778	0.0211646	0	0
430	358	27.285	13.9632	96	0	0.0705528	1.56107e-05	0	256.289	6.93794	31.2255	0.0555105	0	0
649	127	358.557	-10.419	96	0	0.0776255	1.56513e-05	0	303.116	7.46243	36.1833	0.0431929	0	0
716	486	329.373	-7.79574	96	0	0.0579538	1.49493e-05	0	271.877	6.66027	35.9031	0.0375412	0	0
423	337	18.2481	15.4913	64	0	0.0438491	1.56473e-05	0	203.41	6.70799	28.7952	0.0882169	0	0
739	96	340.383	12.5806	96	0	0.0997881	2.06866e-05	0	273.37	8.35466	27.1356	0.0441066	0	0
656	390	10.4603	-9.30315	4704	0	0.0553588	1.56951e-05	0	322.268	13.4795	24.2904	0.0377021	0	0
403	363	29.0707	1.05081	96	0	0.0789361	1.82338e-05	0	260.152	8.0285	28.5014	0.0293447	0	0
398	389	18.74	0.430804	96	0	0.044819	1.12633e-05	0	252.954	5.15721	39.1214	0.0276681	0	0
388	377	1.20396	0.951182	96	0	0.0999087	2.84918e-05	0	216.982	10.6904	18.1588	0.0323011	0	0
658	313	13.9662	-9.98561	96	0	0.0547345	1.56246e-05	0	305.589	6.99441	37.1612	0.0371756	0	0
648	299	355.237	-10.7414	96	0	0.0867969	1.81095e-05	0	249.241	7.89448	27.7051	0.0319429	0	0
730	27	322.692	10.6243	96	0	0.0617617	1.35817e-05	0	246.166	6.08745	38.6472	0.0539357	0	0
692	55	14.0672	-1.25538	6240	0	0.0445091	1.33679e-05	0	261.251	5.56767	36.2013	0.0386543	0	0
391	282	5.90828	-0.784168	96	0	0.0635513	1.70106e-05	0	220.175	7.61771	27.3552	0.0295013	0	0
1502	184	23.7238	-0.664984	96	0	0.0840913	1.36344e-05	0	269.66	5.98712	41.7219	0.0331858	0	0
701	129	30.572	-1.12785	6752	0	0.0425467	1.2607e-05	0	253.696	5.57126	38.6205	0.027251	0	0
391	111	7.36845	-0.212608	96	0	0.059865	1.74872e-05	0	249.596	8.27645	27.7173	0.0229212	0	0
687	160	4.17731	-0.445445	96	0	0.0644766	1.40678e-05	0	279.102	6.24878	38.4933	0.0284826	0	0
376	473	337.291	0.0789018	6752	0	0.0568443	1.46855e-05	0	239.26	7.24908	30.5408	0.0687549	0	0
721	503	337.93	-8.40881	96	0	0.0828948	1.03189e-05	0	301.337	4.84203	53.1059	0.0549255	0	0
693	269	14.4377	-0.419423	96	0	0.043839	1.28413e-05	0	292.796	6.25632	40.2648	0.0473694	0	0
716	417	329.195	-6.94733	96	0	0.0647552	1.52252e-05	0	261.009	6.67059	33.4463	0.0328768	0	0
725	301	345.096	-9.88328	96	0	0.0798105	2.56668e-05	0	147.69	10.8583	16.9241	0.0393589	0	0
378	396	340.837	0.473353	96	0	0.0579081	1.21301e-05	0	206.196	5.40008	35.1675	0.0705635	0	0
650	359	358.89	-9.65473	96	0	0.0772677	1.46655e-05	0	214.496	6.95161	29.9653	0.0344187	0	0
400	424	22.8872	0.555972	96	0	0.0792413	1.52938e-05	0	251.676	6.90411	32.4209	0.0233815	0	0
638	297	316.395	-7.59215	96	0	0.0731063	1.54707e-05	0	162.684	6.46156	27.7644	0.0840711	0	0
749	528	358.529	15.9699	96	0	0.0752207	1.44889e-05	0	274.605	6.57728	36.8723	0.0391608	0	0
429	121	26.9223	12.9696	64	0	0.0735692	1.29683e-05	0	210.751	5.06485	39.6	0.0602896	0	0
375	62	336.785	-0.727203	96	0	0.0567804	2.04565e-05	0	205.443	7.58349	23.7442	0.0695403	0	0
664	155	26.6518	-9.69588	96	0	0.0521033	1.46936e-05	0	199.746	6.03152	32.3855	0.0287058	0	0
720	599	336.542	-8.74304	96	0	0.0833742	1.92902e-05	0	178.721	7.60168	22.7933	0.0441456	0	0
377	48	339.979	-0.988612	96	0	0.0530678	1.69482e-05	0	183.66	6.65042	24.6492	0.0507238	0	0
409	41	42.3665	-0.873033	96	0	0.0237361	1.21198e-05	0	132.152	4.82074	42.6683	0.0544699	0	0
420	413	12.7476	15.8899	96	0	0.0782507	1.97181e-05	0	263.128	9.66282	27.6957	0.0689707	0	0
660	539	19.6024	-8.87816	96	0	0.0654873	1.27465e-05	0	293.712	6.29356	40.4034	0.0354664	0	0
665	156	28.5753	-9.71348	96	0	0.0523508	1.3795e-05	0	294.601	6.56773	39.431	0.0237625	0	0
725	123	345.972	-10.6769	96	0	0.0781967	2.29667e-05	0	199.552	8.69212	21.684	0.0382589	0	0
747	534	354.504	15.9004	96	0	0.0681697	1.9209e-05	0	287.735	8.43415	30.0413	0.0588627	0	0
1064	188	51.5257	-0.61575	96	0	0.0374171	1.24132e-05	0	261.24	5.57865	40.0812	0.108485	0	0
739	294	339.39	12.5144	96	0	0.0982972	2.18402e-05	0	273.076	9.61468	24.3316	0.0476244	0	0
989	70	324.805	-0.508541	96	0	0.0637274	1.33125e-05	0	233.684	5.75836	35.487	0.0555638	0	0
646	321	351.194	-8.79943	96	0	0.0968089	1.93393e-05	0	221.492	7.65577	25.6414	0.0458795	0	0
673	43	337.69	-1.15762	96	0	0.0568866	1.7021e-05	0	220.345	7.11274	28.9132	0.0651138	0	0
719	98	334.197	-9.72478	96	0	0.0924643	1.91098e-05	0	243.447	8.06452	25.9277	0.0637614	0	0
645	113	350.735	-10.0456	96	0	0.0839543	1.99565e-05	0	275.81	8.77378	27.8029	0.0277684	0	0
464	484	59.5827	-5.53885	96	0	0.0651752	9.10647e-06	0	219.602	4.04552	52.2117	0.118886	0	0
739	313	339.024	13.0124	96	0	0.0889356	2.06422e-05	0	214.444	8.71162	22.9737	0.0670144	0	0
720	560	336.37	-8.72795	96	0	0.0835725	1.7118e-05	0	218.616	6.96533	28.0561	0.043154	0	0
718	101	332.489	-9.61602	96	0	0.0826763	1.58059e-05	0	258.271	6.5035	33.9204	0.0410845	0	0
428	219	32.2891	12.39	64	0	0.0605163	2.14138e-05	0	171.371	8.51172	21.8764	0.236583	0	0
400	69	24.3036	-0.504315	96	0	0.0561178	1.48093e-05	0	233.091	6.77802	31.8097	0.0314868	0	0
377	295	338.8	-1.14719	96	0	0.0898598	2.56717e-05	0	303.69	10.7307	22.7694	0.0550416	0	0
718	251	331.267	-9.02412	96	0	0.0639352	1.17597e-05	0	254.033	5.09639	44.4185	0.0321809	0	0
731	138	323.471	10.4397	96	0	0.077875	1.86615e-05	0	251.64	8.22228	28.1592	0.0630876	0	0
636	7	314.51	-7.55766	96	0	0.0801805	2.10854e-05	0	201.048	7.79908	25.7463	0.0792373	0	0
718	268	331.785	-9.36217	64	0	0.0820182	2.06884e-05	0	159.472	10.2735	17.201	0.0352286	0	0
720	309	334.418	-9.19784	6208	0	0.0937725	2.13526e-05	0	198.335	8.02048	22.8633	0.069813	0	0
736	148	334.353	12.523	96	0	0.0804337	1.69196e-05	0	243.562	7.22924	30.5857	0.0809913	0	0
649	562	358.778	-9.37558	6240	0	0.0740831	1.59196e-05	0	244.185	7.20266	30.9397	0.0360989	0	0
407	552	38.1674	0.260103	96	0	0.0205609	5.50256e-06	0	168.307	2.48135	62.9286	0.0278958	0	0
641	204	323.159	-8.40428	96	0	0.0958835	9.37725e-06	0	212.412	9.95234	19.6101	0.0386416	0	0
725	135	345.948	-10.3082	96	0	0.0772611	1.80002e-05	0	138.049	7.47402	21.2819	0.0409339	0	0
723	420	341.453	-8.52754	96	0	0.0815499	1.65994e-05	0	165.651	6.47082	24.9103	0.040596	0	0
398	77	20.0964	-0.078961	6752	0	0.0774105	1.65137e-05	0	333.071	8.03827	36.5142	0.0351123	0	0
731	318	322.327	11.201	96	0	0.0891051	2.17805e-05	0	259.956	8.43931	26.0217	0.079982	0	0
725	319	344.855	-9.49698	96	0	0.0791353	1.56473e-05	0	230.555	6.5851	33.193	0.036978	0	0
675	221	340.761	-0.231095	96	0	0.0578371	1.05036e-05	0	192.418	4.66973	42.1465	0.0641317	0	0
718	47	333.132	-9.01038	96	0	0.0700134	1.13033e-05	0	277.911	4.98257	51.0975	0.0471853	0	0
1094	568	353.857	1.05907	96	0	0.0843846	1.61129e-05	0	322.98	7.74594	38.6886	0.0457822	0	0
665	40	29.0991	-9.6267	96	0	0.0528776	1.38596e-05	0	238.163	6.66772	34.0119	0.0219518	0	0
1178	254	326.02	-8.45967	96	0	0.0537551	1.33271e-05	0	168.904	5.7129	30.06	0.0464971	0	0
423	356	17.8092	14.8782	96	0	0.0602051	1.44748e-05	0	275.304	6.14743	37.3685	0.0465788	0	0
749	564	358.693	15.622	96	0	0.073572	1.57569e-05	0	200.793	6.91385	27.048	0.0568836	0	0
646	198	351.615	-9.86088	96	0	0.097663	1.55542e-05	0	238.41	8.39017	27.3207	0.0294701	0	0
720	142	335.886	-9.07719	96	0	0.0851583	1.95302e-05	0	221.168	8.90812	26.2972	0.0465708	0	0
744	103	348.744	14.09	96	0	0.0829862	1.66847e-05	0	196.868	6.99896	26.1756	0.0520556	0	0
718	316	331.63	-9.5278	64	0	0.0821787	2.33687e-05	0	174.047	8.24179	22.8425	0.0339905	0	0
657	591	13.8708	-9.29277	96	0	0.0550941	1.3887e-05	0	267.514	6.75525	36.3271	0.0413314	0	0
746	262	351.108	13.9723	96	0	0.0424193	9.79415e-06	0	321.691	4.77816	59.5729	0.0477782	0	0
730	234	321.599	10.7775	96	0	0.0978787	1.89993e-05	0	232.808	7.41645	26.4938	0.0606011	0	0
695	575	19.6372	1.15855	96	0	0.0442368	1.05849e-05	0	209.378	4.56852	40.0285	0.034273	0	0
641	65	324.042	-8.22139	96	0	0.0849861	1.74002e-05	0	238.896	8.31573	28.3887	0.0317978	0	0
721	267	337.106	-9.62287	96	0	0.0832622	1.3485e-05	0	279.488	5.72327	38.1823	0.0523741	0	0
1198	324	133.505	40.2286	96	0	0.087306	1.97322e-05	0	230.295	8.50613	25.2606	0.0260592	0	0
1051	389	229.774	45.0322	96	0	0.0644759	1.34831e-05	0	197.665	5.69746	30.2093	0.0234117	0	0
974	297	255.638	33.5167	6752	0	0.0863756	1.58132e-05	0	319.623	7.73651	36.6352	0.0257753	0	0
1017	262	177.025	54.6463	96	0	0.0598734	1.601e-05	0	238.145	7.58058	29.4329	0.0130981	0	0
352	366	258.12	64.0608	96	0	0.0734653	2.37185e-05	0	272.278	9.93482	24.3354	0.0254143	0	0
1392	227	239.583	27.2334	4192	0	0.0908067	2.92487e-05	0	272.619	13.6122	20.0469	0.0441656	0	0
1321	79	205.938	55.6338	64	0	0.0682241	1.47811e-05	0	219.072	6.88795	31.0279	0.00999278	0	0
558	229	148.453	57.1736	96	0	0.080498	1.83614e-05	0	229.551	7.75294	26.3007	0.0126192	0	0
938	521	140.203	40.6642	96	0	0.072669	2.08295e-05	0	288.534	10.0345	28.9053	0.0179456	0	0
882	602	182.194	53.3337	4192	0	0.0813124	2.3972e-05	0	154.881	8.17407	16.6539	0.0209244	0	0
973	403	255.677	34.06	4672	0	0.0992977	3.6298e-05	0	598.201	27.3654	23.415	0.023307	0	0
1163	116	223.511	54.2656	96	0	0.0986274	2.07562e-05	0	294.775	9.04254	28.645	0.0136436	0	0
884	82	187.197	51.2653	6752	0	0.086503	1.83249e-05	0	229.579	7.37809	26.832	0.0166158	0	0
1013	78	172.175	54.1723	96	0	0.0704308	1.68164e-05	0	237.959	7.85215	28.6823	0.0150456	0	0
1208	302	127.132	30.4313	96	0	0.0503187	1.29616e-05	0	297.55	6.75146	37.8063	0.0475788	0	0
1199	128	134.633	38.4932	96	0	0.0933824	1.93112e-05	0	211.895	8.06424	23.2891	0.0281028	0	0
1016	448	176.839	55.7302	96	0	0.0515356	1.33561e-05	0	269.161	6.52861	36.4633	0.00956375	0	0
1014	362	172.429	55.3805	96	0	0.0684762	1.48609e-05	0	281.439	6.87938	34.4299	0.011561	0	0
874	204	156.257	47.8419	6240	0	0.0636553	1.73465e-05	0	291.379	8.56172	31.7294	0.0113113	0	0
906	36	163.402	54.8679	6240	0	0.0715865	1.87384e-05	0	236.147	7.70264	26.1847	0.0100841	0	0
966	120	173.705	49.0776	6752	0	0.033335	1.25556e-05	0	298.514	5.86986	42.1443	0.0162631	0	0
553	446	136.977	52.7905	6752	0	0.0986872	1.44038e-05	0	284.683	6.80557	36.6805	0.0183151	0	0
955	196	183.703	59.9062	6240	0	0.0600489	1.58877e-05	0	246.054	7.29509	32.8072	0.017145	0	0
1344	144	204.127	43.4048	96	0	0.054143	1.57848e-05	0	272.736	7.0208	34.6996	0.0151652	0	0
909	361	168.07	57.076	96	0	0.0471389	1.26524e-05	0	286.194	6.06956	39.2045	0.0121149	0	0
1014	504	174.015	55.0753	96	0	0.0570691	1.39409e-05	0	240.41	6.50452	32.2172	0.0128418	0	0
1199	150	134.977	39.4386	96	0	0.0947774	1.86893e-05	0	229.059	7.73873	26.3991	0.0257955	0	0
955	224	183.399	59.3531	96	0	0.0967724	2.50918e-05	0	259.736	9.99278	22.6972	0.0192535	0	0
1341	61	251.689	31.0621	64	0	0.0887236	2.76786e-05	0	186.583	7.62504	22.6379	0.03403	0	0
1038	496	191.851	54.987	96	0	0.0832867	1.66243e-05	0	263.348	7.79223	30.2393	0.0137241	0	0
941	181	146.452	42.8993	96	0	0.0732316	1.56343e-05	0	153.659	6.13694	24.9055	0.0137829	0	0
1166	328	229.992	51.3131	6752	0	0.0751606	1.91491e-05	0	308.532	8.27717	31.0772	0.0177319	0	0
780	245	186.178	61.4707	96	0	0.0699935	1.43905e-05	0	267.518	7.44098	32.3433	0.0185352	0	0
1012	502	168.849	54.4441	96	0	0.0695261	1.3556e-05	0	225.149	5.92965	34.0637	0.0137082	0	0
1017	73	180.86	54.8686	96	0	0.0504315	1.11041e-05	0	197.862	5.0746	36.548	0.0176519	0	0
1311	70	177.522	56.481	96	0	0.065988	1.44463e-05	0	243.286	6.64797	31.7527	0.0143726	0	0
1008	455	155.737	52.1107	6752	0	0.0779874	1.36934e-05	0	174.43	7.10307	26.4655	0.0136447	0	0
1409	476	248.275	26.2118	96	0	0.0660184	2.2252e-05	0	309.266	9.19958	28.6132	0.0485539	0	0
817	356	247.437	40.8117	96	0	0.0293382	8.2719e-06	0	276.313	4.38816	50.1766	0.00611956	0	0
891	301	119.023	33.7445	96	0	0.0742991	1.41831e-05	0	228.232	6.25246	32.7185	0.0556301	0	0
886	523	193.657	53.09	6240	0	0.0538201	1.55322e-05	0	315.247	7.89928	38.4564	0.00834063	0	0
621	92	242.404	53.0412	6240	0	0.0634937	1.40258e-05	0	262.489	6.92818	31.3904	0.0124015	0	0
553	244	136.312	52.3846	96	0	0.0623094	1.57876e-05	0	201.144	6.73571	30.3227	0.0196339	0	0
350	109	259.63	64.4181	96	0	0.0892986	1.69216e-05	0	234.216	6.36458	31.2825	0.0328863	0	0
451	140	139.894	55.5839	96	0	0.0462945	1.16631e-05	0	199.299	5.13813	38.4717	0.0289088	0	0
1344	134	203.957	42.6783	96	0	0.0627644	1.91009e-05	0	202.234	8.45485	23.1227	0.0111843	0	0
553	165	136.945	52.0716	96	0	0.0623374	1.44144e-05	0	201.242	6.56928	29.7033	0.0160566	0	0
1391	532	239.485	28.7956	96	0	0.0773485	1.64869e-05	0	310.401	7.75296	36.2999	0.0433442	0	0
774	34	168.792	61.1102	96	0	0.0566054	1.08906e-05	0	206.223	4.70223	39.2775	0.00969862	0	0
892	127	122.412	34.927	6752	0	0.0824927	1.95621e-05	0	266.801	10.0446	36.1045	0.045771	0	0
1176	292	253.564	31.3975	96	0	0.0989842	2.21686e-05	0	211.15	9.07124	27.088	0.03126	0	0
907	231	162.947	55.3857	96	0	0.0739271	1.80512e-05	0	320.04	8.31093	33.6899	0.0112118	0	0
959	431	201.319	59.0796	96	0	0.0749053	1.48885e-05	0	221.974	6.13476	30.0292	0.0121508	0	0
1049	381	224.02	47.4535	96	0	0.0871908	1.9014e-05	0	298.367	8.59883	29.4374	0.0258722	0	0
633	383	254.088	39.2752	6240	0	0.0620657	1.40832e-05	0	265.892	6.64268	37.2637	0.016236	0	0
1044	602	212.956	52.8167	6752	0	0.076489	1.55842e-05	0	263.107	7.42002	36.3472	0.00935679	0	0
1392	360	239.123	27.5768	96	0	0.088577	2.1923e-05	0	233.371	8.73512	22.2812	0.0401097	0	0
828	189	129.047	38.5348	96	0	0.0565891	1.52159e-05	0	214.713	7.06032	28.6143	0.0436942	0	0
954	405	180.976	60.8186	96	0	0.0643798	1.46721e-05	0	199.448	6.3841	30.3672	0.0170729	0	0
1309	100	173.097	55.9674	6240	0	0.0515404	1.42365e-05	0	195.356	6.14761	28.2008	0.0188785	0	0
945	176	151.216	54.5679	96	0	0.0470055	1.21157e-05	0	268.685	5.44866	42.9568	0.00903515	0	0
1039	35	197.655	54.4947	6240	0	0.0639413	1.77702e-05	0	201.141	7.66415	25.5919	0.0302527	0	0
1017	284	177.547	53.7224	96	0	0.060313	1.52546e-05	0	231.35	6.63969	30.697	0.0144398	0	0
1013	480	169.763	54.4411	96	0	0.070919	1.25555e-05	0	207.493	5.52377	33.1226	0.0120848	0	0
1176	490	253.949	32.2898	96	0	0.0858461	2.46023e-05	0	179.08	10.792	17.319	0.0293669	0	0
1347	468	212.517	41.7558	6240	0	0.0937089	2.01953e-05	0	295.172	9.52415	26.9407	0.00935379	0	0
1466	446	208.161	46.3498	96	0	0.0622674	1.49636e-05	0	371.618	7.9717	41.1239	0.0184787	0	0
542	41	116.399	33.963	96	0	0.0625157	1.02105e-05	0	249.305	4.46637	46.782	0.0484939	0	0
546	471	122.597	42.2739	6240	0	0.0634993	1.38523e-05	0	357.64	6.54985	43.9166	0.0468876	0	0
1056	582	243.726	37.1851	96	0	0.0584654	1.31777e-05	0	232.72	5.78691	34.3125	0.0178242	0	0
1163	410	221.666	55.5304	96	0	0.0747755	1.65719e-05	0	215.883	7.04842	26.3816	0.0141463	0	0
607	51	219.098	60.4713	96	0	0.0495769	1.17746e-05	0	204.894	4.82926	38.04	0.0135383	0	0
1288	379	217.083	45.986	96	0	0.0735605	1.62508e-05	0	216.43	7.85759	26.6068	0.0154137	0	0
621	570	242.384	53.7661	96	0	0.064267	1.83647e-05	0	230.6	7.30506	26.8752	0.013553	0	0
1045	407	213.835	52.3459	96	0	0.0745125	1.59246e-05	0	263.012	8.08943	31.2273	0.0129657	0	0
791	127	221.417	56.2107	96	0	0.0793683	1.77323e-05	0	192.953	7.7373	24.9981	0.0192122	0	0
903	452	151.312	53.149	6240	0	0.0463015	1.22125e-05	0	228.979	5.36354	36.6416	0.00899274	0	0
1018	383	179.967	55.5349	6240	0	0.0807791	1.22422e-05	0	292.434	7.19074	38.0929	0.0137893	0	0
947	558	158.463	57.0559	96	0	0.0461925	1.10912e-05	0	254.402	5.30211	40.9818	0.00649381	0	0
934	176	131.815	35.4751	96	0	0.0535539	1.51186e-05	0	265.292	7.19887	33.9514	0.0357631	0	0
543	11	119.107	37.0583	96	0	0.0774518	1.68828e-05	0	229.659	7.15579	30.0988	0.0481529	0	0
618	508	237.894	53.395	6208	0	0.0642393	1.00471e-05	0	188.966	4.44419	39.5035	0.015389	0	0
355	494	258.846	57.4112	96	0	0.0273026	8.38104e-06	0	292.254	4.54176	53.4732	0.0357242	0	0
436	336	118.715	45.7051	96	0	0.0525676	1.24269e-05	0	223.421	5.53124	36.0711	0.0658042	0	0
1393	393	240.923	26.878	64	0	0.0891292	1.96059e-05	0	150.58	7.02156	21.8641	0.0440962	0	0
899	540	138.282	47.7084	6752	0	0.0513485	1.12155e-05	0	234.595	4.8561	37.3618	0.0177517	0	0
945	42	152.292	54.2255	96	0	0.0476285	1.06898e-05	0	245.24	4.80327	45.2967	0.0084037	0	0
941	466	146.709	43.4239	96	0	0.0722105	1.1744e-05	0	175.344	5.36106	30.1318	0.0152955	0	0
890	349	117.598	31.9902	96	0	0.056097	1.20634e-05	0	202.909	5.25221	35.0875	0.061807	0	0
1334	190	238.758	41.5783	96	0	0.0335628	1.16401e-05	0	239.316	5.60379	39.5109	0.0186636	0	0
948	592	162.3	57.8373	96	0	0.0725582	1.68786e-05	0	270.898	7.97363	30.2784	0.0105629	0	0
445	606	131.088	51.4059	4704	0	0.0968162	3.00073e-05	0	234.094	11.8332	15.9117	0.0242865	0	0
1163	459	222.129	55.411	64	0	0.073027	2.1993e-05	0	199.322	9.00765	20.2016	0.0137001	0	0
892	143	122.535	35.2753	6240	0	0.0839909	1.65944e-05	0	275.894	7.23539	32.8966	0.0500117	0	0
907	325	162.424	56.6413	96	0	0.0461773	1.2676e-05	0	269.41	6.41114	37.908	0.0105376	0	0
817	68	250.026	39.4566	96	0	0.0958396	1.77868e-05	0	278.222	7.76905	30.2352	0.0123911	0	0
1171	491	244.502	41.3922	6752	0	0.061189	1.43243e-05	0	211.13	6.31918	29.9891	0.00987755	0	0
1044	559	212.482	52.5531	96	0	0.0820817	1.92391e-05	0	226.703	8.52074	24.4508	0.0123292	0	0
350	142	258.875	64.6643	96	0	0.0789759	1.52278e-05	0	312.251	6.22792	41.015	0.0264491	0	0
883	286	181.368	51.4799	96	0	0.0853738	1.89282e-05	0	222.475	8.03131	26.3619	0.0230921	0	0
622	418	242.034	49.201	96	0	0.0594002	1.42838e-05	0	262.37	6.63618	32.1869	0.0201987	0	0
1279	637	194.614	50.2806	96	0	0.0993291	1.98392e-05	0	225.481	8.79293	22.3984	0.0172874	0	0
1328	97	223.064	50.3736	96	0	0.0943013	2.19076e-05	0	245.93	8.79981	23.4853	0.0197567	0	0
1011	476	164.942	53.8036	96	0	0.07115	1.527e-05	0	307.686	6.59113	39.2575	0.0132198	0	0
1319	291	196.778	55.8308	96	0	0.0942402	2.14776e-05	0	211.642	8.83065	21.6228	0.0130416	0	0
864	24	130.855	36.1887	96	0	0.0529345	1.36544e-05	0	274.198	6.17697	38.1851	0.0367425	0	0
491	476	170.564	67.2219	6240	0	0.0559639	9.60476e-06	0	263.544	3.9178	59.8767	0.0136677	0	0
436	414	119.184	45.8769	96	0	0.0529497	1.16264e-05	0	269.077	5.92019	39.0225	0.0513344	0	0
891	471	120.305	34.6752	96	0	0.0826929	1.72194e-05	0	225.952	7.44178	27.8936	0.0579968	0	0
1163	41	223.054	53.4252	96	0	0.0953231	2.38734e-05	0	207.88	9.48083	20.0755	0.0119115	0	0
815	77	246.855	42.6797	6240	0	0.0313842	1.16429e-05	0	228.603	4.95042	38.1069	0.0100214	0	0
449	539	134.652	54.3174	96	0	0.0858245	1.66007e-05	0	341.672	7.8779	36.8232	0.0159447	0	0
366	454	261.969	60.0973	96	0	0.0278347	9.03757e-06	0	231.055	4.38761	45.8332	0.0259684	0	0
1040	308	196.483	53.6593	96	0	0.0294389	1.05527e-05	0	247.469	4.91221	43.6616	0.0211553	0	0
1158	596	209.749	58.4	96	0	0.0602031	1.31146e-05	0	291.277	7.04875	37.251	0.0112919	0	0
1392	385	239.448	27.7414	96	0	0.0882969	2.16214e-05	0	201.076	8.83344	20.7177	0.0392394	0	0
894	367	126.502	40.9811	96	0	0.0575645	1.31313e-05	0	295.049	6.40228	39.7428	0.0417332	0	0
1327	372	218.291	53.2327	6240	0	0.0441559	1.28842e-05	0	270.261	6.19467	38.4159	0.00763783	0	0
435	534	118.935	41.2039	6240	0	0.0742581	1.35734e-05	0	253.521	6.09857	36.2113	0.0421756	0	0
961	376	156.433	47.3264	96	0	0.062131	1.2917e-05	0	264.021	6.39862	36.0743	0.00958085	0	0
1325	123	213.488	52.7645	96	0	0.0846994	1.32049e-05	0	128.755	6.97128	22.3228	0.0115317	0	0
1326	5	218.395	52.7195	96	0	0.0450477	1.5996e-05	0	266.99	7.26423	33.4003	0.00800414	0	0
623	61	243.582	50.4656	96	0	0.0602584	1.77567e-05	0	225.27	7.53396	28.5771	0.0197921	0	0
1163	623	223.741	54.8358	96	0	0.0709707	1.71528e-05	0	233.157	7.06615	27.4817	0.012056	0	0
1287	212	215.4	44.7081	6240	0	0.0908237	1.96365e-05	0	277.536	8.52648	28.0237	0.007919	0	0
1323	322	207.025	56.0994	96	0	0.0688658	1.64345e-05	0	234.745	7.19548	28.7689	0.00807508	0	0
1014	280	171.755	54.3774	96	0	0.0683286	1.63905e-05	0	239.049	7.7369	29.4098	0.0140731	0	0
1015	222	173.578	54.1869	64	0	0.0694179	1.6793e-05	0	78.8676	7.29247	16.3993	0.00969637	0	0
1199	381	133.674	40.4058	96	0	0.0886996	1.8182e-05	0	238.819	7.87919	25.1141	0.0271016	0	0
1017	19	181.221	54.2318	96	0	0.0502783	1.6817e-05	0	201.241	7.34455	26.6951	0.0166722	0	0
792	288	223.338	55.0389	96	0	0.0747244	1.36262e-05	0	237.061	5.87815	34.2558	0.0120633	0	0
1161	617	218.449	56.6081	96	0	0.0745018	1.48693e-05	0	203.528	6.41268	26.9092	0.018184	0	0
1390	638	238.922	28.968	96	0	0.0771899	2.05968e-05	0	192.317	10.4162	22.53	0.045156	0	0
621	572	242.657	53.4059	96	0	0.0638897	1.276e-05	0	287.442	5.58831	38.8643	0.00837241	0	0
1013	448	170.484	55.0111	96	0	0.0735996	2.20799e-05	0	224.13	9.55752	23.7395	0.0130493	0	0
1039	105	196.38	53.909	96	0	0.0915773	2.20077e-05	0	273.719	9.37506	25.4848	0.0237867	0	0
1049	440	224.64	47.4976	96	0	0.0854613	1.90192e-05	0	298.868	8.53388	30.7179	0.0284205	0	0
350	510	258.628	65.2897	96	0	0.0799092	1.63687e-05	0	218.883	7.22668	29.3892	0.0286192	0	0
545	433	120.705	40.4574	96	0	0.0421724	1.22585e-05	0	257.674	5.64422	39.8666	0.0517112	0	0
881	625	180.066	52.6682	96	0	0.0620491	1.60607e-05	0	192.293	7.43563	24.5166	0.0178699	0	0
1171	184	244.911	40.8763	96	0	0.0607974	1.48307e-05	0	263.275	7.16626	34.2804	0.00703686	0	0
1051	437	230.121	44.971	6752	0	0.0633812	1.54822e-05	0	252.833	6.69826	32.4999	0.0240899	0	0
449	200	134.021	53.5524	96	0	0.0845908	1.95408e-05	0	264.446	9.04684	27.2938	0.0196454	0	0
1040	163	198.493	53.4693	96	0	0.062149	1.56453e-05	0	262.264	6.61449	34.8052	0.0290213	0	0
760	176	124.471	40.7264	64	0	0.0608685	1.25992e-05	0	208.927	5.12205	34.5755	0.0508581	0	0
543	90	118.857	36.6914	96	0	0.0773508	2.08942e-05	0	222.183	9.29142	24.4479	0.0465463	0	0
1169	546	240.237	45.4177	96	0	0.0424975	1.17264e-05	0	204.271	5.3923	34.8402	0.016847	0	0
1008	363	155.4	52.234	96	0	0.0691344	1.49854e-05	0	192.799	6.78016	26.8061	0.0155987	0	0
619	158	239.339	54.6711	96	0	0.0469388	1.15206e-05	0	288.726	5.91343	45.9055	0.0129116	0	0
932	491	127.152	32.6093	96	0	0.0941062	1.53308e-05	0	244.226	6.79219	30.6268	0.0457553	0	0
1344	127	203.785	42.6472	96	0	0.0608881	1.90896e-05	0	219.441	8.43608	23.8398	0.0115943	0	0
941	487	146.833	43.4004	96	0	0.0722982	1.29194e-05	0	252.467	5.83737	36.5694	0.0137208	0	0
756	35	118.954	34.1512	96	0	0.0722995	1.64716e-05	0	166.603	6.51933	25.1201	0.0464066	0	0
1007	230	152.159	50.1063	96	0	0.051583	1.22598e-05	0	213.889	5.80984	36.1206	0.00965459	0	0
1061	215	119.68	30.7738	96	0	0.0763174	1.97872e-05	0	231.774	8.18374	25.3026	0.0543436	0	0
1343	280	251.934	29.9419	64	0	0.100262	2.74334e-05	0	264.54	12.5511	19.471	0.0471761	0	0
1409	446	248.3	27.0002	64	0	0.071196	2.23346e-05	0	181.941	8.52985	19.9526	0.0575868	0	0
449	467	134.05	53.9253	96	0	0.0986044	1.66143e-05	0	208.304	6.9535	26.2506	0.0203573	0	0
1311	316	173.01	57.0226	96	0	0.0675582	1.57629e-05	0	210.49	6.15021	28.0788	0.0134775	0	0
555	279	140.864	54.8294	96	0	0.0460541	1.12244e-05	0	273.991	5.28282	46.7307	0.0268673	0	0
1409	276	247.944	25.5956	96	0	0.0633545	1.708e-05	0	213.239	8.26771	26.717	0.0343646	0	0
1392	259	240.102	26.6764	64	0	0.0899074	3.93466e-05	0	205.677	12.1682	15.1206	0.0487166	0	0
941	201	146.787	42.1904	96	0	0.0721346	1.74886e-05	0	263.316	8.76587	29.8217	0.0144629	0	0
1391	515	239.308	28.2869	96	0	0.0908566	2.24138e-05	0	192.143	9.11307	20.977	0.0383865	0	0
1326	566	217.452	53.965	6240	0	0.0431448	1.24331e-05	0	254.502	5.84546	36.7113	0.00900892	0	0
1287	490	215.841	46.0921	96	0	0.0733823	1.47553e-05	0	236.29	6.70354	30.1275	0.0142901	0	0
435	547	119.269	40.9952	96	0	0.0748876	1.37884e-05	0	229.228	5.72313	33.3384	0.0456077	0	0
449	10	135.284	52.7408	96	0	0.0990172	2.09995e-05	0	228.692	8.11571	22.7222	0.0192934	0	0
1161	352	214.667	56.4695	96	0	0.0741107	1.59938e-05	0	227.779	7.17973	28.4711	0.0159244	0	0
1198	361	133.897	40.4648	96	0	0.0874653	1.98375e-05	0	303.834	9.35733	28.3025	0.0230058	0	0
1288	201	217.912	44.0053	96	0	0.0957077	2.11104e-05	0	252.634	9.71272	24.1331	0.0168923	0	0
879	539	172.488	52.2237	96	0	0.0483104	9.96574e-06	0	244.75	4.57067	48.3014	0.0183726	0	0
949	110	164.313	57.7575	96	0	0.0766484	1.71326e-05	0	197.326	7.63371	25.7818	0.00662975	0	0
783	473	195.663	62.4942	96	0	0.0757389	1.34147e-05	0	240.825	6.09164	35.6742	0.017859	0	0
949	341	160.897	58.1063	96	0	0.0714559	1.89337e-05	0	278.958	8.83001	27.7609	0.00979553	0	0
1013	482	169.947	54.8154	96	0	0.0721334	1.357e-05	0	203.832	6.20757	30.4737	0.0108558	0	0
1044	504	212.044	52.68	96	0	0.0828746	1.58271e-05	0	238.406	8.23431	26.7432	0.00874642	0	0
882	589	181.225	52.3954	64	0	0.0631591	1.17983e-05	0	90.2327	8.85747	23.6647	0.0188706	0	0
366	275	260.662	58.6057	64	0	0.07967	2.16426e-05	0	147.575	8.14466	20.359	0.0254453	0	0
1050	93	229.052	45.2331	96	0	0.0635715	1.37413e-05	0	242.744	6.22042	35.1713	0.03367	0	0
543	489	118.662	37.2534	96	0	0.0806919	1.87627e-05	0	172.323	7.09555	22.8224	0.0461165	0	0
881	437	177.051	52.8521	96	0	0.0503017	1.35728e-05	0	195.661	6.19438	30.9134	0.0231002	0	0
1016	359	175.511	55.3906	96	0	0.0666746	1.52639e-05	0	233.562	6.80366	30.2896	0.0169969	0	0
548	446	125.736	45.4859	96	0	0.0469224	7.34123e-06	0	266.184	3.37753	72.4632	0.047286	0	0
959	614	203.211	59.5125	64	0	0.0735871	1.7669e-05	0	145.212	6.7414	19.579	0.0140442	0	0
622	105	243.044	47.9064	96	0	0.093673	1.83488e-05	0	267.481	8.60311	28.6387	0.0104672	0	0
879	347	169.708	51.7416	96	0	0.0793576	2.14312e-05	0	184.273	8.92595	22.2758	0.0181591	0	0
491	591	172.914	67.2417	96	0	0.0541236	8.56453e-06	0	222.109	3.99577	51.963	0.0108953	0	0
622	223	242.681	47.5396	96	0	0.0911029	2.11084e-05	0	236.096	8.85958	24.0271	0.0160744	0	0
952	302	170.658	59.3154	96	0	0.0515111	1.08399e-05	0	236.147	4.682	41.9888	0.00930316	0	0
1345	555	207.644	43.436	64	0	0.092791	2.47004e-05	0	185.298	9.20597	17.3058	0.0153453	0	0
881	489	178.377	52.6894	64	0	0.071639	1.40804e-05	0	202.242	6.56106	29.6945	0.0276877	0	0
1167	44	235.255	47.5738	96	0	0.0749819	1.70947e-05	0	240.077	7.8188	28.3501	0.0152999	0	0
958	29	200.426	58.9401	96	0	0.0751838	3.1789e-05	0	275.049	13.6367	19.9757	0.00826528	0	0
935	606	134.771	37.5536	64	0	0.0948563	1.69705e-05	0	188.634	7.92043	24.2651	0.0377908	0	0
1012	403	168.652	54.7599	96	0	0.0728144	1.49288e-05	0	169.142	6.41948	27.0011	0.0111458	0	0
451	206	139.571	55.6825	96	0	0.0474334	1.03169e-05	0	227.003	4.44528	44.5884	0.0254132	0	0
551	400	133.708	51.29	96	0	0.0722452	1.40922e-05	0	225.132	6.09959	34.8578	0.0205552	0	0
932	497	127.189	32.5572	96	0	0.0932579	1.27409e-05	0	142.864	7.16691	23.3984	0.04897	0	0
544	127	119.617	37.7866	6752	0	0.0408246	1.22111e-05	0	263.218	5.80981	43.1047	0.0465163	0	0
354	13	263.051	59.9416	6240	0	0.0278673	1.01515e-05	0	210.188	4.45718	42.5436	0.0341081	0	0
892	491	122.768	35.9856	6240	0	0.0815208	1.56762e-05	0	256.271	6.35496	34.5749	0.0494681	0	0
971	277	185.532	49.5878	64	0	0.0853918	1.86077e-05	0	216.312	8.07083	24.7427	0.0180527	0	0
623	556	243.674	52.5666	96	0	0.0624433	1.51836e-05	0	196.376	6.45376	27.3333	0.0212856	0	0
441	262	123.722	45.792	96	0	0.0402399	1.18102e-05	0	189.933	5.28599	36.0588	0.0509877	0	0
951	450	170.11	59.853	96	0	0.054999	1.21717e-05	0	226.655	5.49981	38.1943	0.0107539	0	0
629	310	249.376	44.1445	96	0	0.0322838	1.26111e-05	0	236.215	5.71588	43.5093	0.0119472	0	0
621	166	241.322	53.1206	96	0	0.0635024	1.36476e-05	0	212.388	5.55839	32.6747	0.014524	0	0
1326	530	216.833	54.2889	96	0	0.0437351	1.11554e-05	0	229.834	5.34254	37.6946	0.0110171	0	0
889	410	116.635	30.4908	96	0	0.0570368	1.2505e-05	0	262.993	6.23098	38.0895	0.0450922	0	0
621	258	240.327	53.243	96	0	0.0621826	1.8006e-05	0	125.634	8.27421	17.0317	0.0160392	0	0
1014	634	175.602	54.7742	96	0	0.0581478	1.19905e-05	0	252.293	5.66309	37.3087	0.0103057	0	0
1009	401	158.161	53.1566	96	0	0.0667863	1.39246e-05	0	228.634	6.19069	32.0168	0.0199879	0	0
795	560	233.481	52.8414	96	0	0.0728957	1.37788e-05	0	183.123	5.81025	30.6469	0.0162106	0	0
1056	469	242.808	36.9734	6240	0	0.0674232	1.51997e-05	0	258.104	6.98815	32.7449	0.0138658	0	0
1175	364	251.22	34.2142	96	0	0.0850536	2.04308e-05	0	289.792	9.9142	26.9335	0.0213923	0	0
349	29	256.996	63.3613	96	0	0.0776179	1.17927e-05	0	228.672	4.87956	45.7976	0.0282459	0	0
955	305	182.075	59.6937	96	0	0.0583891	1.22776e-05	0	186.005	4.75652	33.2162	0.0208855	0	0
1391	264	238.015	27.8666	96	0	0.0809607	2.26973e-05	0	306.392	9.20864	28.4667	0.0304352	0	0
1012	152	169.635	53.8145	96	0	0.0333496	8.02039e-06	0	139.718	3.3191	43.7225	0.0122203	0	0
1056	450	243.24	37.3961	96	0	0.0679802	1.37557e-05	0	206.538	5.69092	30.6732	0.0155634	0	0
486	136	144.924	60.6911	96	0	0.0739465	1.41404e-05	0	196.628	6.01687	32.2796	0.0279015	0	0
940	638	146.527	42.2757	96	0	0.0809921	1.55748e-05	0	274.288	7.71521	33.0811	0.0133423	0	0
792	320	222.845	55.4014	96	0	0.0381837	1.14395e-05	0	249.186	5.65457	38.9931	0.0105941	0	0
1332	591	235.019	46.1059	64	0	0.0365581	1.13395e-05	0	198.08	5.17739	36.2873	0.0163846	0	0
