AVG	ENTROPY	FLAG	MEDIAN	MODE	P16	P2P5	P84	P97P5
-11.1717	-5.06478	0	-11.1786	-11.05	-11.6009	-12.0386	-10.7923	-10.4543
-12.4406	-5.84896	0	-12.4351	-12.4	-13.1667	-13.995	-11.7864	-11.1289
-12.4256	-5.92964	0	-12.4101	-12.75	-13.2023	-14.0885	-11.7098	-11.087
-12.157	-6.00497	0	-12.1056	-12.3	-12.9955	-13.9267	-11.388	-10.8065
-11.7995	-5.22543	0	-11.827	-11.75	-12.2809	-12.6946	-11.3794	-10.8929
-12.1798	-5.99527	0	-12.1298	-11.85	-12.9881	-13.995	-11.449	-10.7559
-12.3308	-5.89303	0	-12.2847	-12.2	-13.0726	-14.0433	-11.6622	-11.0579
-11.634	-5.8524	0	-11.5208	-11.35	-12.4046	-13.5214	-10.9855	-10.4909
-12.4507	-6.05623	0	-12.4587	-12.4	-13.2961	-14.11	-11.6892	-10.8136
-12.063	-6.10983	0	-12.0336	-11.95	-12.9615	-13.8969	-11.2313	-10.5633
-12.3962	-6.09853	0	-12.3996	-12.55	-13.2704	-14.175	-11.5947	-10.785
-12.2986	-5.96359	0	-12.255	-12.05	-13.1043	-14.0025	-11.5698	-10.9786
-12.0876	-5.91655	0	-12.0213	-11.9	-12.8574	-13.8676	-11.3704	-10.8558
-11.3577	-4.97837	0	-11.3784	-11.35	-11.7606	-12.1667	-10.9942	-10.6707
-12.3909	-5.86427	0	-12.3703	-12.4	-13.1094	-13.9667	-11.7113	-11.15
-12.0157	-5.86283	0	-11.9521	-11.75	-12.7684	-13.68	-11.3352	-10.827
-12.2545	-5.82481	0	-12.1992	-11.95	-13	-13.8816	-11.5995	-11.1069
-12.2496	-6.12346	0	-12.1951	-11.8	-13.2141	-14.1348	-11.4158	-10.6783
-12.2759	-5.95936	0	-12.2586	-12.25	-13.0564	-13.9538	-11.567	-10.85
-12.4696	-6.01508	0	-12.447	-12.3	-13.3007	-14.1679	-11.7247	-11.02
-11.9887	-5.90901	0	-11.9292	-11.9	-12.7368	-13.7563	-11.2918	-10.7357
-12.0698	-5.86725	0	-11.9953	-11.6	-12.8308	-13.7318	-11.3941	-10.8909
-12.1399	-5.87461	0	-12.0794	-11.65	-12.9159	-13.8429	-11.4741	-10.9225
-11.9788	-5.94651	0	-11.9035	-11.75	-12.8009	-13.8075	-11.2415	-10.7586
-11.7336	-5.85896	0	-11.6466	-11.4	-12.4883	-13.535	-11.0722	-10.5387
-11.1506	-4.97169	0	-11.1603	-11.05	-11.5552	-11.9762	-10.7943	-10.4745
-12.2936	-5.85405	0	-12.2458	-12	-13.0233	-13.9618	-11.6368	-11.0646
-12.3173	-5.8852	0	-12.2636	-12.1	-13.0979	-13.9808	-11.6352	-11.0545
-11.6609	-5.18592	0	-11.6803	-11.75	-12.1274	-12.5707	-11.2511	-10.8375
-12.5631	-5.91885	0	-12.5401	-12.3	-13.3331	-14.196	-11.8513	-11.2029
-12.1669	-5.88585	0	-12.1123	-11.9	-12.8788	-13.95	-11.4881	-10.9146
-11.6393	-5.92146	0	-11.5366	-11.3	-12.4694	-13.4375	-10.9465	-10.4179
-12.102	-5.8485	0	-12.0419	-11.85	-12.8246	-13.8529	-11.4263	-10.9086
-12.4149	-5.90558	0	-12.3807	-11.95	-13.2183	-14.0382	-11.7298	-11.1327
-12.0943	-5.86633	0	-12.0435	-11.7	-12.8448	-13.83	-11.4099	-10.902
-10.5394	-5.03659	0	-10.5392	-10.4	-10.9445	-11.4515	-10.1904	-9.80375
-12.1812	-5.95167	0	-12.1372	-11.95	-12.9862	-13.8971	-11.4585	-10.8977
-12.165	-5.92183	0	-12.1115	-11.95	-12.9387	-13.8725	-11.461	-10.8823
-12.3449	-5.87103	0	-12.2947	-12.05	-13.1077	-14	-11.6764	-11.1109
-9.99436	-4.30884	0	-10.057	-10.1	-10.2502	-10.4271	-9.79105	-9.40732
-12.246	-5.81492	0	-12.1848	-12	-12.9596	-13.9222	-11.6009	-11.0667
-12.2857	-5.91418	0	-12.2455	-12.25	-13.0642	-13.9694	-11.563	-11.0121
-11.915	-5.86561	0	-11.8479	-11.6	-12.6401	-13.7571	-11.2586	-10.6875
-12.4574	-6.00505	0	-12.4343	-12.35	-13.2632	-14.1824	-11.7283	-10.9812
-12.323	-5.97738	0	-12.3122	-12.1	-13.0971	-14.0364	-11.6199	-10.8357
-11.9654	-5.93764	0	-11.8982	-11.55	-12.7368	-13.7538	-11.2707	-10.6625
-12.0524	-5.87972	0	-11.9792	-11.7	-12.8333	-13.7208	-11.3487	-10.8817
-12.2947	-5.86661	0	-12.2562	-12.1	-13.0327	-13.925	-11.6145	-11.0667
-12.3251	-5.87245	0	-12.2944	-12.2	-13.0645	-13.99	-11.655	-11.0625
-12.0751	-5.88505	0	-12.0028	-11.7	-12.85	-13.8208	-11.389	-10.86
-11.5403	-4.99785	0	-11.5625	-11.5	-11.9548	-12.3333	-11.1611	-10.8406
-12.3128	-5.88197	0	-12.2734	-12.2	-13.0462	-13.9143	-11.6556	-10.975
-11.6188	-5.04093	0	-11.6324	-11.5	-12.0434	-12.4661	-11.2531	-10.8981
-11.9314	-5.86108	0	-11.8303	-11.7	-12.6826	-13.7395	-11.2647	-10.7812
-12.2017	-6.04563	0	-12.1821	-12.35	-13.0172	-14.0542	-11.4372	-10.6719
-12.088	-5.90394	0	-12.0432	-11.8	-12.8368	-13.7929	-11.3847	-10.8608
-12.1569	-6.05668	0	-12.0789	-11.85	-13.0894	-13.9435	-11.3527	-10.7409
-12.4589	-5.93089	0	-12.4426	-12.3	-13.2137	-14.0806	-11.791	-11.0375
-12.1681	-5.88652	0	-12.1187	-11.85	-12.9173	-13.8947	-11.4775	-10.9289
-12.4947	-5.93125	0	-12.4709	-12.35	-13.2632	-14.1471	-11.7933	-11.1187
-12.2792	-5.93472	0	-12.2381	-12.2	-13.0737	-13.9917	-11.5594	-11.018
-12.1264	-5.91096	0	-12.1039	-11.9	-12.8844	-13.7692	-11.4038	-10.8288
-12.1069	-6.05773	0	-12.1228	-12.1	-12.925	-13.7933	-11.3243	-10.5437
-12.2983	-6.00924	0	-12.3004	-12.1	-13.1101	-13.9575	-11.5408	-10.8075
-11.3714	-4.90628	0	-11.3934	-11.35	-11.7497	-12.1176	-11.0237	-10.6816
-12.1924	-5.88801	0	-12.1277	-12	-12.9617	-13.8821	-11.5054	-10.9521
-12.2553	-5.92586	0	-12.2283	-12.05	-13.0336	-13.9025	-11.5634	-10.9062
-12.1116	-5.97774	0	-12.0876	-12.2	-12.8806	-13.8857	-11.3882	-10.7283
-12.3626	-5.93905	0	-12.3169	-11.95	-13.1392	-14.0421	-11.6851	-10.9571
-12.3038	-5.91046	0	-12.2736	-12.2	-13.0688	-13.9235	-11.593	-10.9775
-12.1905	-5.90459	0	-12.135	-12	-12.9535	-13.9429	-11.484	-10.9538
-12.2452	-5.94545	0	-12.2077	-12.05	-13.0183	-14.0375	-11.5159	-10.9575
-12.3396	-5.88475	0	-12.2949	-12.2	-13.0743	-14.0033	-11.6763	-11.0455
-12.0115	-5.8354	0	-11.9331	-11.8	-12.76	-13.7769	-11.3319	-10.8962
-12.0546	-5.91204	0	-11.9786	-11.85	-12.8382	-13.8188	-11.3647	-10.7881
-12.4199	-6.00011	0	-12.3824	-12.1	-13.2475	-14.1368	-11.675	-11.0083
-12.0655	-5.9246	0	-12.0034	-11.75	-12.8698	-13.8107	-11.361	-10.7979
-12.263	-5.96325	0	-12.2205	-12.1	-13.059	-13.97	-11.5368	-10.9417
-10.6979	-4.81994	0	-10.7232	-10.7	-11.0564	-11.4097	-10.3852	-10.0391
-12.183	-5.76975	0	-12.1278	-11.9	-12.8705	-13.7969	-11.5328	-11.0855
-12.4029	-5.90741	0	-12.371	-11.95	-13.168	-14.0528	-11.7309	-11.1083
-12.3215	-5.9054	0	-12.2739	-12.15	-13.1039	-13.9875	-11.6155	-11
-12.1122	-5.91969	0	-12.0651	-12.1	-12.9007	-13.8579	-11.4022	-10.8396
-12.1507	-5.84737	0	-12.0905	-11.7	-12.923	-13.8176	-11.4848	-10.9537
-11.6469	-5.08361	0	-11.6524	-11.65	-12.0844	-12.5312	-11.2706	-10.8905
-12.0897	-5.84951	0	-12.0402	-11.85	-12.8333	-13.7333	-11.4172	-10.8848
-11.7517	-5.97072	0	-11.7008	-11.3	-12.554	-13.5206	-11.0414	-10.4167
-11.989	-5.89	0	-11.9008	-11.7	-12.7385	-13.8375	-11.2868	-10.81
-12.1686	-5.93199	0	-12.1101	-11.9	-12.9727	-13.881	-11.462	-10.8442
-12.3547	-5.93038	0	-12.3357	-12.2	-13.1221	-13.9833	-11.6521	-11.0043
-11.4766	-5.0954	0	-11.4849	-11.55	-11.9085	-12.3937	-11.0885	-10.7545
-12.1849	-5.90456	0	-12.1273	-12	-12.9523	-13.8722	-11.4944	-10.9205
-12.0008	-5.89496	0	-11.9422	-11.75	-12.7194	-13.74	-11.3222	-10.7333
-12.1314	-5.94042	0	-12.0619	-11.7	-12.9293	-13.9625	-11.4257	-10.8842
-10.1319	-4.10139	0	-10.1745	-10.15	-10.365	-10.5245	-9.95514	-9.68333
-12.168	-5.87043	0	-12.1139	-11.8	-12.9	-13.9067	-11.491	-10.9717
-12.1318	-5.85886	0	-12.0685	-11.9	-12.8868	-13.7471	-11.4733	-10.9048
-12.2418	-5.90228	0	-12.2038	-12.1	-12.9861	-13.8917	-11.5565	-10.9484
-12.1591	-5.90695	0	-12.1003	-12.05	-12.9132	-13.9176	-11.4707	-10.8833
-12.0668	-5.9177	0	-11.9954	-11.55	-12.846	-13.8844	-11.3429	-10.8683
-12.2093	-5.91075	0	-12.1606	-11.8	-12.9886	-13.8893	-11.5348	-10.9
-11.6137	-4.98424	0	-11.6313	-11.55	-12.0242	-12.4065	-11.2542	-10.9062
-12.1611	-5.86683	0	-12.0974	-12	-12.8894	-13.9083	-11.4886	-10.9705
-12.3064	-5.84242	0	-12.2425	-12.25	-13.1	-13.9286	-11.6295	-11.1294
-11.9762	-5.9602	0	-11.9045	-11.85	-12.8007	-13.7289	-11.2551	-10.6972
-12.1281	-5.81777	0	-12.0787	-11.75	-12.8494	-13.775	-11.4714	-10.9543
-11.2432	-5.79914	0	-11.1655	-11.1	-11.9246	-13.0538	-10.6194	-10.0762
-12.2873	-5.88506	0	-12.2312	-12.1	-13.0478	-13.9633	-11.6147	-11.0464
-12.3565	-5.91926	0	-12.329	-12.15	-13.1217	-13.9867	-11.6563	-11.0269
-11.8861	-5.97406	0	-11.8178	-11.6	-12.6669	-13.7909	-11.1598	-10.5532
-11.792	-5.9402	0	-11.7211	-11.3	-12.5766	-13.6132	-11.0936	-10.4969
-12.1867	-5.84891	0	-12.1255	-11.85	-12.9278	-13.94	-11.5132	-10.9894
-11.5161	-5.10591	0	-11.5347	-11.7	-11.9577	-12.3867	-11.1382	-10.7029
-12.1349	-5.88024	0	-12.1015	-12.1	-12.9008	-13.8132	-11.4417	-10.9
-12.2784	-5.80558	0	-12.2438	-12.25	-12.9925	-13.8556	-11.6401	-11.0974
-12.5238	-5.81455	0	-12.4901	-12.1	-13.2602	-14.088	-11.8825	-11.3042
-12.1547	-5.92306	0	-12.0919	-11.65	-12.936	-13.8778	-11.4413	-10.8946
-11.6158	-5.12212	0	-11.6366	-11.5	-12.0485	-12.486	-11.2232	-10.83
-11.9789	-5.83443	0	-11.9105	-11.7	-12.7169	-13.6286	-11.3348	-10.7882
-11.5853	-5.95601	0	-11.4734	-11.1	-12.3944	-13.5917	-10.8756	-10.3239
-12.5937	-5.98249	0	-12.5919	-12.55	-13.3778	-14.2781	-11.8859	-11.0267
-12.2396	-6.01234	0	-12.2059	-11.9	-13.0896	-13.9389	-11.472	-10.8646
-12.4575	-5.98736	0	-12.4531	-12.15	-13.233	-14.1775	-11.7265	-11.0048
-11.3351	-5.75614	0	-11.2551	-11.2	-11.9873	-13.1357	-10.7254	-10.2482
-11.9474	-5.89578	0	-11.8647	-11.8	-12.7052	-13.725	-11.275	-10.6977
-12.0205	-5.89746	0	-11.9525	-11.85	-12.7913	-13.7867	-11.3273	-10.8083
-12.3519	-5.86268	0	-12.3151	-12.1	-13.0856	-13.9833	-11.6844	-11.094
-11.9701	-5.85827	0	-11.8922	-11.5	-12.7075	-13.775	-11.2956	-10.81
-12.1968	-5.89665	0	-12.164	-12.25	-12.9307	-13.9571	-11.5035	-10.9224
-12.0057	-5.84784	0	-11.9264	-11.65	-12.7551	-13.7238	-11.3431	-10.8333
-12.1942	-5.88604	0	-12.1336	-11.85	-12.9757	-13.8667	-11.5029	-10.9576
-11.2396	-4.89171	0	-11.2677	-11.25	-11.6262	-11.9915	-10.8935	-10.5769
-11.9813	-5.91122	0	-11.9209	-11.9	-12.7722	-13.7571	-11.2795	-10.7242
-12.1198	-5.98135	0	-12.0732	-12	-12.9492	-13.9206	-11.3833	-10.7974
-11.9458	-5.81162	0	-11.8997	-11.65	-12.6358	-13.6025	-11.3151	-10.7444
-11.2166	-4.91046	0	-11.2319	-11.25	-11.605	-11.9786	-10.8764	-10.5574
-12.3795	-5.83094	0	-12.3215	-12.15	-13.1182	-14.0382	-11.7142	-11.219
-12.4809	-5.93491	0	-12.4652	-12.4	-13.2451	-14.0977	-11.773	-11.0437
-12.0036	-5.87922	0	-11.9315	-11.5	-12.7654	-13.7053	-11.3299	-10.7826
-11.9811	-5.82434	0	-11.9174	-11.75	-12.6897	-13.7063	-11.3399	-10.8052
-12.257	-5.88703	0	-12.1965	-12	-13.018	-13.9895	-11.5698	-11.0512
-12.1211	-5.95615	0	-12.082	-11.9	-12.92	-13.83	-11.3924	-10.7933
-12.0982	-5.86792	0	-12.0377	-12.15	-12.8379	-13.8571	-11.4163	-10.8964
-12.4966	-5.98795	0	-12.4922	-12.5	-13.2992	-14.1789	-11.7714	-11.0433
-12.5548	-6.04224	0	-12.5731	-12.6	-13.3601	-14.2704	-11.8079	-10.9475
-12.1119	-5.95328	0	-12.0642	-11.65	-12.9113	-13.835	-11.3962	-10.7526
-11.6957	-5.35318	0	-11.7528	-11.8	-12.2133	-12.6235	-11.2339	-10.6409
-11.6441	-5.06412	0	-11.6543	-11.5	-12.0757	-12.5	-11.2635	-10.9244
-12.5469	-6.07127	0	-12.5091	-12.15	-13.4458	-14.2944	-11.7184	-11.0938
-12.2462	-6.02472	0	-12.2136	-12.3	-13.0911	-14.0294	-11.4989	-10.8417
-12.4664	-5.93168	0	-12.4472	-12.5	-13.2321	-14.1315	-11.7767	-11.0944
-12.0267	-5.96852	0	-11.9784	-12.05	-12.8688	-13.7974	-11.2682	-10.7534
-12.414	-5.92234	0	-12.3984	-12.45	-13.1816	-14.1119	-11.7006	-11.0775
-12.2776	-5.94213	0	-12.2325	-11.9	-13.0402	-14.0107	-11.5837	-10.95
-12.4515	-5.81896	0	-12.3974	-12.3	-13.1953	-14.0188	-11.8012	-11.2817
-13.233	-6.51557	0	-13.1977	-12.95	-14.4709	-15.5431	-12.1556	-11.0877
-12.113	-5.93397	0	-12.0647	-11.85	-12.9032	-13.8467	-11.4146	-10.82
-12.6519	-6.58429	0	-12.6054	-12.6	-13.9302	-15.1136	-11.5093	-10.4708
-12.5946	-5.91811	0	-12.5657	-12.45	-13.3514	-14.2391	-11.9195	-11.21
-12.4056	-6.19526	0	-12.4258	-12.55	-13.3246	-14.3114	-11.5439	-10.6562
-12.201	-5.97254	0	-12.1658	-12.05	-12.9733	-14.0227	-11.5073	-10.802
-12.3104	-5.84233	0	-12.2457	-12	-13.0618	-13.9342	-11.6455	-11.1047
-12.4831	-6.14123	0	-12.5045	-12.55	-13.38	-14.3111	-11.6392	-10.8583
-12.4155	-5.92983	0	-12.3977	-12.2	-13.19	-14.08	-11.7063	-11.062
-12.3289	-5.97506	0	-12.3255	-12.3	-13.0948	-14.0063	-11.6108	-10.8719
-11.9675	-5.98831	0	-11.8917	-11.6	-12.83	-13.7333	-11.2114	-10.6815
-12.0209	-5.98309	0	-11.9806	-11.8	-12.8329	-13.7632	-11.2798	-10.7
-12.1476	-5.97191	0	-12.0828	-11.55	-12.9664	-13.9278	-11.3815	-10.8933
-12.4239	-5.90089	0	-12.37	-12.1	-13.1801	-14.119	-11.7338	-11.201
-12.1605	-5.85766	0	-12.1121	-11.95	-12.9153	-13.8088	-11.5069	-10.922
-11.5356	-5.02105	0	-11.5464	-11.5	-11.9439	-12.3981	-11.1674	-10.825
-11.8593	-5.92459	0	-11.761	-11.35	-12.657	-13.7286	-11.155	-10.675
-12.1728	-5.93072	0	-12.136	-12.25	-12.9558	-13.8528	-11.4594	-10.8976
-12.1161	-5.97998	0	-12.0697	-11.7	-12.9363	-13.8536	-11.3934	-10.763
-12.0512	-5.87057	0	-11.9832	-11.8	-12.8	-13.7875	-11.3588	-10.876
-12.2928	-5.91163	0	-12.2563	-12	-13.0843	-13.9375	-11.604	-10.95
-10.5168	-4.55118	0	-10.5506	-10.6	-10.8235	-11.0823	-10.2647	-9.95778
-12.1925	-5.85774	0	-12.138	-11.9	-12.948	-13.8917	-11.5225	-10.975
-12.4001	-5.79507	0	-12.363	-12.15	-13.1191	-13.9391	-11.7612	-11.2364
-11.697	-4.96877	0	-11.7131	-11.65	-12.0938	-12.5512	-11.3359	-11.037
-12.2165	-5.83118	0	-12.1758	-12.35	-12.9283	-13.9077	-11.5653	-10.9912
-12.0783	-5.90865	0	-12.0055	-11.9	-12.8444	-13.8	-11.3925	-10.8042
-12.6535	-6.55881	0	-12.5772	-12.1	-13.8766	-15.1278	-11.5443	-10.5524
-12.1662	-5.92061	0	-12.1113	-11.9	-12.9417	-13.85	-11.4778	-10.8604
-12.3442	-5.92974	0	-12.3067	-12.2	-13.1083	-14	-11.6559	-11.0062
-12.0349	-5.86797	0	-11.9755	-12.05	-12.7969	-13.7048	-11.3694	-10.8037
-12.3573	-5.90696	0	-12.3125	-12.15	-13.1328	-14.0167	-11.6699	-11.056
-12.1701	-5.78212	0	-12.1007	-11.85	-12.8769	-13.7923	-11.5231	-11.0403
-12.3647	-5.86194	0	-12.3377	-12.25	-13.0868	-14.0119	-11.6957	-11.0935
-11.8735	-5.92964	0	-11.7829	-11.7	-12.6762	-13.7231	-11.1681	-10.6316
-12.0238	-5.84028	0	-11.9453	-11.9	-12.7614	-13.76	-11.3576	-10.8659
-11.5183	-5.74895	0	-11.4028	-11.25	-12.2415	-13.3071	-10.8938	-10.4971
-12.6892	-6.31132	0	-12.6407	-12.35	-13.7606	-14.7283	-11.7108	-10.9714
-11.9044	-5.94283	0	-11.8214	-11.35	-12.715	-13.6844	-11.1925	-10.6759
-12.1847	-6.02321	0	-12.1402	-11.75	-13.0263	-14.0083	-11.3989	-10.8087
-12.3295	-5.89718	0	-12.2891	-12	-13.0859	-14.0263	-11.6262	-11.0893
-12.5767	-6.2815	0	-12.5074	-12.4	-13.615	-14.6643	-11.6227	-10.926
-12.2052	-5.93199	0	-12.1462	-12.05	-12.9925	-13.9531	-11.5248	-10.8368
-12.2645	-5.8627	0	-12.2094	-12	-13.0373	-13.8588	-11.5976	-11.0194
-11.7085	-6.30152	0	-11.4839	-11.15	-12.8106	-14.3545	-10.7962	-10.1361
-11.9483	-5.9072	0	-11.8736	-11.6	-12.7312	-13.7025	-11.2571	-10.7174
-12.2239	-5.87178	0	-12.1622	-11.8	-12.9763	-13.9324	-11.5434	-11.0288
-12.0846	-5.98147	0	-12.0101	-12.05	-12.9507	-13.8396	-11.3443	-10.7893
-12.0985	-5.97107	0	-12.0609	-12	-12.8927	-13.8406	-11.3538	-10.7614
-11.4215	-5.65767	0	-11.3359	-11.15	-12.0342	-13.17	-10.8582	-10.3853
-11.4726	-5.89752	0	-11.354	-11.1	-12.2267	-13.4735	-10.7799	-10.3333
-11.5066	-5.94748	0	-11.3807	-11.3	-12.3491	-13.4545	-10.7889	-10.2625
-12.3647	-5.8815	0	-12.3245	-12.35	-13.1031	-14.025	-11.6902	-11.1053
-12.445	-5.96914	0	-12.4207	-12.55	-13.2507	-14.1318	-11.723	-11.0538
-12.135	-5.88217	0	-12.0827	-12.05	-12.8956	-13.787	-11.4532	-10.8978
-12.6919	-6.56926	0	-12.6455	-12.25	-13.9722	-15.1507	-11.5459	-10.5952
-12.4511	-6.33516	0	-12.3129	-11.85	-13.6372	-14.6381	-11.4643	-10.78
-12.9482	-6.54126	0	-12.9039	-12.8	-14.167	-15.3909	-11.84	-10.8297
-12.3595	-5.98835	0	-12.3292	-12.55	-13.1579	-14.1184	-11.6294	-10.95
-11.7971	-5.96729	0	-11.7165	-11.4	-12.5937	-13.66	-11.0571	-10.5538
-12.0855	-5.90736	0	-12.0348	-11.85	-12.8271	-13.8611	-11.4023	-10.8017
-11.6175	-5.92785	0	-11.5329	-11.45	-12.3906	-13.4393	-10.9393	-10.3283
-11.8898	-5.83913	0	-11.8011	-11.55	-12.6151	-13.7318	-11.228	-10.752
-12.121	-5.91167	0	-12.046	-11.6	-12.8952	-13.87	-11.4046	-10.9288
-11.8957	-5.87779	0	-11.8211	-11.4	-12.644	-13.6857	-11.2004	-10.6923
-12.3642	-6.2665	0	-12.2258	-11.9	-13.4847	-14.5238	-11.4091	-10.8413
-12.1168	-5.91585	0	-12.0482	-11.8	-12.9073	-13.8583	-11.4175	-10.8717
-12.3455	-5.91925	0	-12.3312	-12.25	-13.0963	-13.9783	-11.6418	-10.978
-11.9498	-5.79079	0	-11.8779	-11.6	-12.6486	-13.6308	-11.3273	-10.8241
-11.9175	-5.87845	0	-11.8388	-11.55	-12.6648	-13.675	-11.2348	-10.7205
-11.8781	-5.8765	0	-11.8022	-11.5	-12.6446	-13.6441	-11.2024	-10.6643
-12.01	-6.03409	0	-11.9744	-11.8	-12.8357	-13.8167	-11.26	-10.55
-12.0518	-6.01426	0	-12.0315	-11.95	-12.8461	-13.78	-11.3106	-10.6
-12.1185	-5.91364	0	-12.0569	-11.6	-12.8866	-13.8868	-11.4114	-10.8885
-12.4921	-5.89611	0	-12.4755	-12.35	-13.2588	-14.0618	-11.7894	-11.1618
-12.1486	-6.0474	0	-12.1064	-12.15	-12.9917	-14.0267	-11.3972	-10.6905
-12.39	-5.9188	0	-12.3483	-12.25	-13.1405	-14.0625	-11.6796	-11.1028
-12.2907	-5.93515	0	-12.2489	-12.35	-13.0831	-14.0583	-11.5763	-11.0118
-12.294	-5.94217	0	-12.2786	-12.25	-13.0424	-13.9773	-11.5986	-10.8833
-11.1763	-4.89874	0	-11.2009	-11.15	-11.5672	-11.92	-10.8285	-10.5064
-11.4694	-6.04531	0	-11.3709	-11.2	-12.3375	-13.4792	-10.7871	-9.84565
-11.9039	-6.04433	0	-11.82	-11.5	-12.7936	-13.7773	-11.1103	-10.5788
-12.1926	-6.17294	0	-12.1685	-12	-13.1096	-14.0893	-11.342	-10.5921
-12.2653	-5.84607	0	-12.2092	-11.9	-13.0078	-13.8909	-11.6052	-11.0661
-12.2744	-5.88544	0	-12.2165	-11.85	-13.0385	-13.9765	-11.601	-11.0409
-12.2797	-5.94364	0	-12.2477	-11.9	-13.0506	-13.9679	-11.5956	-10.8773
-12.3451	-5.90913	0	-12.312	-12.1	-13.104	-13.9812	-11.6565	-11.0386
-12.0327	-5.85875	0	-11.9654	-11.85	-12.7777	-13.7206	-11.3778	-10.825
-12.4107	-5.87727	0	-12.3771	-12.25	-13.1638	-14.0625	-11.7071	-11.1764
-12.3585	-5.86719	0	-12.3012	-12.1	-13.1167	-14.0077	-11.7045	-11.1512
-12.4023	-5.82511	0	-12.3771	-12.5	-13.1157	-13.9731	-11.7596	-11.1625
-11.9775	-6.06967	0	-11.9485	-11.7	-12.82	-13.8333	-11.1901	-10.55
-12.181	-6.067	0	-12.1549	-11.8	-13.0544	-13.95	-11.4005	-10.6793
-12.3752	-5.87122	0	-12.3385	-12.3	-13.1143	-13.9974	-11.7202	-11.1083
-12.0793	-5.99008	0	-12.0042	-11.85	-12.9058	-13.9237	-11.3341	-10.7857
-12.3785	-5.81034	0	-12.3381	-12.1	-13.0813	-13.9143	-11.74	-11.158
-12.5334	-5.82867	0	-12.5143	-12.1	-13.2494	-14.0875	-11.8838	-11.3086
-12.4375	-5.90332	0	-12.4039	-12.3	-13.2069	-14.1	-11.7306	-11.1385
-12.0491	-5.86737	0	-11.9937	-11.85	-12.7807	-13.7714	-11.3795	-10.81
-11.1479	-5.048	0	-11.1694	-11.25	-11.5601	-12.0071	-10.7748	-10.4159
-10.7425	-4.95854	0	-10.7646	-10.7	-11.1401	-11.5043	-10.3975	-10.0162
-12.2968	-5.82842	0	-12.237	-12.15	-13.0129	-13.9533	-11.6486	-11.0969
-11.9552	-5.91016	0	-11.8941	-11.75	-12.7392	-13.71	-11.2495	-10.728
-12.5806	-5.93957	0	-12.5609	-12.8	-13.3588	-14.1981	-11.8636	-11.2125
-12.3791	-5.99476	0	-12.3709	-12.3	-13.1792	-14.1075	-11.644	-10.9273
-12.343	-6.07953	0	-12.3152	-12.3	-13.2454	-14.0476	-11.5468	-10.8648
-12.0394	-5.97921	0	-11.9701	-11.7	-12.85	-13.8594	-11.3041	-10.7413
-12.1538	-6.01791	0	-12.1302	-11.75	-12.9627	-13.9611	-11.3989	-10.736
-11.2602	-5.64721	0	-11.2132	-11.1	-11.8215	-12.91	-10.7099	-10.125
-12.2037	-5.8976	0	-12.1458	-11.95	-12.9644	-13.88	-11.5212	-10.9304
-12.443	-5.94392	0	-12.4344	-12.65	-13.215	-14.0611	-11.7146	-11.1278
-12.2932	-5.87855	0	-12.2503	-12.3	-13.0371	-14.0462	-11.6056	-11.063
-11.2593	-5.06877	0	-11.283	-11.3	-11.6874	-12.0905	-10.8969	-10.475
-12.3704	-5.91869	0	-12.3372	-12.2	-13.1238	-14.0353	-11.6847	-11.037
-11.993	-5.87064	0	-11.8982	-11.75	-12.7733	-13.7567	-11.3282	-10.813
-11.0032	-4.87807	0	-11.0208	-11.05	-11.3743	-11.7846	-10.6773	-10.3595
-12.0451	-6.00664	0	-11.987	-11.8	-12.8643	-13.8553	-11.2915	-10.68
-12.0191	-5.96001	0	-11.9507	-11.6	-12.8275	-13.8571	-11.2951	-10.7361
-12.1854	-5.88986	0	-12.1365	-12	-12.9493	-13.9026	-11.4837	-10.9556
-12.43	-5.86413	0	-12.3915	-12.25	-13.2037	-14.0545	-11.7551	-11.187
-12.2125	-6.05106	0	-12.1931	-12.2	-13.073	-14	-11.4459	-10.758
-10.4463	-4.59119	0	-10.4726	-10.4	-10.7662	-11.0364	-10.1758	-9.90152
-10.9962	-5.42987	0	-10.9674	-10.85	-11.4667	-12.5107	-10.535	-10.035
-12.2991	-5.90085	0	-12.2853	-12.3	-13.0315	-13.9404	-11.6248	-10.9864
-11.5107	-5.07614	0	-11.5228	-11.4	-11.9433	-12.3531	-11.1237	-10.7759
-12.2193	-6.13912	0	-12.2742	-12.3	-13.1118	-13.9937	-11.2759	-10.6585
-11.6084	-5.12144	0	-11.6308	-11.55	-12.0459	-12.4895	-11.2181	-10.8092
-11.2521	-5.41861	0	-11.1614	-11.05	-11.7553	-12.8773	-10.7851	-10.3857
-12.1569	-5.8514	0	-12.087	-11.9	-12.8882	-13.8971	-11.4816	-10.9683
-12.4136	-5.97144	0	-12.4132	-12.5	-13.1896	-14.1	-11.7	-10.9675
-12.3033	-5.97511	0	-12.268	-12.1	-13.1007	-14.0196	-11.5634	-10.9348
-12.338	-5.99434	0	-12.3085	-12.15	-13.14	-14.0533	-11.6097	-10.9095
-12.0542	-5.92947	0	-12.0031	-12	-12.8623	-13.7375	-11.3397	-10.7975
-11.8529	-5.93655	0	-11.7754	-11.45	-12.6325	-13.71	-11.1242	-10.6089
-12.1292	-6.05924	0	-12.1239	-12.1	-12.9391	-13.8974	-11.3533	-10.6289
-12.1257	-5.91597	0	-12.0875	-11.75	-12.9189	-13.775	-11.4235	-10.8429
-11.9633	-5.93249	0	-11.901	-11.7	-12.74	-13.6941	-11.2632	-10.6958
-12.3414	-5.92746	0	-12.3119	-12.05	-13.0803	-14.02	-11.6561	-10.9708
-12.3922	-5.88685	0	-12.3497	-12.25	-13.141	-14.0125	-11.7115	-11.0827
-11.5075	-4.9878	0	-11.5373	-11.6	-11.9211	-12.275	-11.1515	-10.7656
-12.4833	-5.96247	0	-12.449	-12.25	-13.2575	-14.2094	-11.8021	-11.0447
-12.0486	-5.92863	0	-11.9883	-11.65	-12.8487	-13.7362	-11.342	-10.7614
-12.2063	-5.91409	0	-12.1744	-11.9	-12.9779	-13.8806	-11.5125	-10.9121
-12.2477	-5.95312	0	-12.1944	-12.1	-13.0451	-13.9706	-11.5335	-10.9289
-12.1419	-5.87458	0	-12.103	-12.15	-12.882	-13.8562	-11.4565	-10.9041
-11.1924	-4.87791	0	-11.2194	-11.25	-11.5747	-11.9257	-10.8446	-10.5349
-12.2047	-6.10825	0	-12.2208	-11.95	-13.073	-13.9409	-11.3709	-10.6339
-12.1797	-5.94539	0	-12.1306	-11.85	-12.9463	-13.8976	-11.4847	-10.8583
-12.2929	-5.99627	0	-12.2587	-12.25	-13.1067	-14	-11.5711	-10.8833
-12.4514	-6.01296	0	-12.4565	-12.35	-13.2659	-14.15	-11.7033	-10.9808
-11.7181	-5.90714	0	-11.63	-11.25	-12.495	-13.545	-11.0373	-10.4763
-12.173	-6.08817	0	-12.1691	-12.15	-13.0161	-13.9711	-11.3783	-10.6646
-12.311	-5.96748	0	-12.3054	-12.1	-13.0981	-13.94	-11.6054	-10.7739
-11.9239	-6.20916	0	-11.9278	-12.15	-12.9173	-13.8808	-10.9753	-10.3636
-12.5863	-6.01894	0	-12.5955	-12.35	-13.3868	-14.2412	-11.8661	-10.97
-12.1377	-5.93726	0	-12.0783	-11.85	-12.9183	-13.8594	-11.4242	-10.8738
-11.9318	-5.92027	0	-11.8668	-11.45	-12.7	-13.6591	-11.2391	-10.6741
-12.3168	-5.92748	0	-12.2858	-12.4	-13.1074	-13.9614	-11.6259	-10.987
-12.3084	-5.81374	0	-12.269	-12.3	-13.024	-13.9605	-11.6583	-11.1411
-10.7771	-5.41206	0	-10.7404	-10.6	-11.2323	-12.2556	-10.317	-9.85172
-12.1234	-5.93321	0	-12.0662	-12.2	-12.9141	-13.8875	-11.4051	-10.864
-12.3054	-5.93684	0	-12.264	-12.2	-13.0887	-14.0321	-11.591	-11.0089
-12.3269	-5.94248	0	-12.3131	-12.6	-13.0923	-13.9824	-11.6242	-10.9537
-12.2284	-5.9275	0	-12.175	-11.85	-13.026	-13.9385	-11.4991	-10.976
-11.7769	-5.86934	0	-11.6683	-11.45	-12.5315	-13.6382	-11.1107	-10.6109
-12.2269	-5.91592	0	-12.1815	-11.85	-12.9848	-13.9864	-11.5216	-10.9292
-12.342	-5.99785	0	-12.3426	-12.35	-13.139	-13.9921	-11.5974	-10.8237
-12.017	-5.89275	0	-11.955	-11.75	-12.7789	-13.6773	-11.3431	-10.7364
-12.2625	-5.917	0	-12.1851	-12	-13.0768	-14.0273	-11.5505	-11.044
-12.4429	-5.89113	0	-12.4165	-12.1	-13.1901	-14.0417	-11.7573	-11.156
-12.2558	-5.99434	0	-12.236	-11.95	-13.0443	-13.9526	-11.5272	-10.7367
-12.3769	-5.8664	0	-12.3189	-12.2	-13.1321	-14.0159	-11.7009	-11.1222
-12.3948	-6.07975	0	-12.3953	-12.5	-13.2247	-14.2553	-11.609	-10.7676
-12.1054	-5.8889	0	-12.0331	-11.7	-12.8672	-13.8867	-11.4258	-10.8984
-12.4294	-5.8636	0	-12.3746	-12.05	-13.1977	-14.0722	-11.7683	-11.1769
-12.4172	-5.82309	0	-12.3928	-12.35	-13.1303	-13.9913	-11.7594	-11.17
-12.0222	-5.98187	0	-11.9805	-11.85	-12.7838	-13.8231	-11.3193	-10.64
-11.5843	-5.08886	0	-11.6002	-11.5	-12.0158	-12.4309	-11.2093	-10.8
-12.3096	-5.84273	0	-12.2748	-12.05	-13.0514	-13.9105	-11.6574	-11.0571
-12.4212	-5.94946	0	-12.3899	-12.2	-13.2046	-14.0821	-11.7155	-11.0909
-12.1801	-5.82857	0	-12.144	-12.25	-12.904	-13.81	-11.5068	-11.0308
-12.0578	-5.88546	0	-12.0082	-11.75	-12.8185	-13.83	-11.3533	-10.8706
-12.4064	-5.85823	0	-12.3723	-12.35	-13.141	-14.0188	-11.7453	-11.1758
-12.3819	-6.09833	0	-12.4184	-12.25	-13.2856	-14.0326	-11.4608	-10.8182
-12.1883	-5.90806	0	-12.1317	-12	-12.9754	-13.8906	-11.4906	-10.9167
-12.2539	-5.93097	0	-12.218	-12.05	-13.0182	-13.9643	-11.5453	-10.9429
-12.3055	-5.79816	0	-12.2649	-12.3	-13.0269	-13.895	-11.6496	-11.172
-10.9458	-4.97471	0	-10.9678	-11	-11.3433	-11.7306	-10.6	-10.246
-12.3717	-5.90541	0	-12.3558	-12.05	-13.1403	-13.9625	-11.6815	-11.0406
-12.3207	-5.89834	0	-12.2681	-12.3	-13.1076	-14.0568	-11.6295	-11.0312
-12.3123	-5.93917	0	-12.2801	-12.3	-13.0866	-14.005	-11.5989	-11.0227
-12.154	-5.95321	0	-12.1084	-12.15	-12.9764	-13.8385	-11.4031	-10.9015
-10.7741	-5.21875	0	-10.7504	-10.6	-11.1798	-12.0531	-10.3747	-9.96
-12.1145	-6.03378	0	-12.0752	-11.85	-12.9134	-13.9818	-11.3527	-10.6773
-12.3601	-5.88686	0	-12.3097	-12.3	-13.1138	-14.0636	-11.6907	-11.1022
-12.0158	-5.85788	0	-11.9414	-11.55	-12.7647	-13.6929	-11.3367	-10.8558
-12.3125	-5.8521	0	-12.2497	-11.95	-13.0806	-13.9159	-11.638	-11.0971
-12.1167	-5.86874	0	-12.0545	-11.8	-12.8557	-13.8885	-11.4583	-10.89
-12.2128	-5.82927	0	-12.1593	-11.7	-12.9492	-13.8971	-11.5617	-11.0375
-10.0722	-4.63033	0	-10.113	-10.15	-10.389	-10.6419	-9.80981	-9.45375
-12.0886	-5.89953	0	-12.0255	-12	-12.8648	-13.7975	-11.3866	-10.8781
-12.1257	-6.22227	0	-12.152	-12.15	-13.0857	-13.9812	-11.1645	-10.475
-12.1377	-6.00344	0	-12.1004	-11.85	-12.9436	-13.9375	-11.3837	-10.7538
-11.7794	-5.94593	0	-11.6832	-11.45	-12.5565	-13.6105	-11.077	-10.5045
-12.0467	-6.15342	0	-11.994	-11.7	-12.9789	-13.9286	-11.1925	-10.5119
-12.2312	-5.97501	0	-12.199	-12.15	-13.0269	-13.9567	-11.5163	-10.8146
-11.619	-5.98098	0	-11.5374	-11.65	-12.4011	-13.5654	-10.9143	-10.3024
-12.1843	-5.81384	0	-12.1262	-12.35	-12.9111	-13.831	-11.5446	-11.0236
-12.4929	-5.90082	0	-12.4633	-12.5	-13.262	-14.1271	-11.8091	-11.1429
-12.2677	-5.97783	0	-12.2394	-12.1	-13.0764	-13.9977	-11.5177	-10.875
-11.955	-5.90548	0	-11.8669	-11.7	-12.7441	-13.74	-11.2576	-10.7191
-12.2676	-6.00552	0	-12.2453	-11.9	-13.0662	-14.0536	-11.5243	-10.8587
-12.4079	-5.91399	0	-12.3983	-12.45	-13.143	-14.0382	-11.7043	-11.0775
-11.4007	-4.97901	0	-11.4249	-11.45	-11.7961	-12.2212	-11.035	-10.7159
-11.2238	-4.97509	0	-11.2475	-11.3	-11.6268	-12.0225	-10.8582	-10.5403
-12.2239	-5.88727	0	-12.1663	-11.9	-12.9538	-13.9368	-11.5517	-10.9862
-12.1878	-5.8597	0	-12.1357	-11.95	-12.9492	-13.825	-11.517	-10.9685
-12.1512	-5.80711	0	-12.0805	-11.8	-12.892	-13.9235	-11.4983	-11.0125
-12.1934	-5.88003	0	-12.1565	-11.85	-12.9545	-13.8412	-11.513	-10.9056
-12.1844	-5.92612	0	-12.1312	-12.15	-12.9648	-13.9538	-11.4952	-10.9081
-12.0348	-5.83684	0	-11.9711	-11.7	-12.7623	-13.75	-11.3916	-10.8475
-11.9732	-5.86765	0	-11.9107	-11.8	-12.7278	-13.6469	-11.2973	-10.7857
-12.307	-5.92011	0	-12.2729	-12.2	-13.0648	-14.0222	-11.6083	-11.0104
-12.1946	-5.91522	0	-12.1395	-11.8	-12.9712	-13.8808	-11.5132	-10.8804
-11.9026	-5.87828	0	-11.8226	-11.75	-12.68	-13.6167	-11.2148	-10.7133
-12.0353	-5.9496	0	-11.9911	-11.85	-12.7936	-13.8318	-11.3232	-10.7152
-12.0995	-5.92795	0	-12.0443	-11.85	-12.9127	-13.7909	-11.3989	-10.8292
-12.3063	-6.12453	0	-12.3274	-12.45	-13.175	-14.1187	-11.4787	-10.6263
-12.1237	-5.85092	0	-12.0504	-11.9	-12.8554	-13.854	-11.4494	-10.9554
-12.2459	-5.95387	0	-12.228	-12.45	-13.0161	-13.9107	-11.5275	-10.8633
-12.1816	-5.8991	0	-12.1213	-11.8	-12.9629	-13.9062	-11.4803	-10.9643
-12.2185	-6.03921	0	-12.1684	-11.65	-13.0727	-14.0367	-11.4484	-10.85
-12.0761	-5.92331	0	-12.0118	-11.65	-12.8444	-13.85	-11.3779	-10.8423
-11.8664	-5.8416	0	-11.7828	-11.7	-12.5826	-13.6382	-11.1996	-10.7125
-11.4377	-5.05163	0	-11.4609	-11.5	-11.8662	-12.2848	-11.0569	-10.7128
-11.3316	-4.96985	0	-11.347	-11.3	-11.7335	-12.133	-10.9748	-10.6375
-12.3254	-5.92912	0	-12.2712	-12.15	-13.1062	-13.925	-11.6287	-10.9778
-12.0891	-5.88074	0	-12.0277	-11.75	-12.8159	-13.8409	-11.4039	-10.8635
-12.0186	-5.91905	0	-11.9591	-11.85	-12.7654	-13.7533	-11.3056	-10.7935
-12.0683	-5.87864	0	-11.9975	-11.85	-12.8355	-13.7974	-11.3867	-10.8786
-12.2365	-5.89345	0	-12.2096	-12.35	-13.0006	-13.8864	-11.517	-10.9865
-11.1661	-4.98078	0	-11.1815	-11.15	-11.5807	-11.9718	-10.8019	-10.4789
-12.1891	-5.85983	0	-12.1377	-11.85	-12.9587	-13.8587	-11.527	-10.969
-12.2195	-5.90873	0	-12.1637	-12	-13	-13.9353	-11.5256	-10.9344
-11.9065	-5.82679	0	-11.824	-11.7	-12.621	-13.6857	-11.253	-10.7435
-12.454	-6.14056	0	-12.5086	-12.55	-13.3344	-14.2159	-11.6007	-10.7413
-12.2228	-6.08777	0	-12.2054	-12	-13.0782	-14.04	-11.4279	-10.6711
-11.9795	-5.99714	0	-11.9285	-11.8	-12.782	-13.7913	-11.2506	-10.6312
-12.5049	-5.84737	0	-12.4772	-12.45	-13.2348	-14.0804	-11.8399	-11.2119
-9.76126	-5.486	0	-9.7539	-9.7	-10.272	-11.09	-9.27537	-8.72222
-11.9307	-5.93393	0	-11.8435	-11.45	-12.75	-13.7389	-11.2209	-10.7061
-12.2523	-5.89827	0	-12.2087	-12.1	-13.0087	-13.95	-11.568	-10.9672
-11.7536	-5.92021	0	-11.6588	-11.6	-12.5277	-13.6125	-11.0625	-10.519
-12.269	-5.92461	0	-12.2122	-11.7	-13.0369	-14.0618	-11.5872	-10.9825
-12.1594	-5.90305	0	-12.1157	-11.8	-12.9046	-13.86	-11.4929	-10.846
-12.2914	-5.84876	0	-12.2399	-12	-13.0033	-13.9729	-11.6441	-11.0435
-12.0466	-5.86835	0	-11.9904	-12	-12.7994	-13.7278	-11.3588	-10.8573
-12.2119	-5.80345	0	-12.1694	-11.8	-12.9294	-13.8469	-11.5708	-11.0431
-11.3689	-5.15782	0	-11.4017	-11.5	-11.8229	-12.2295	-10.9709	-10.51
-12.3119	-5.89448	0	-12.266	-12.25	-13.084	-13.9885	-11.6181	-11.0421
-11.5008	-5.03075	0	-11.5165	-11.35	-11.9157	-12.3308	-11.1303	-10.7833
-11.4589	-4.9693	0	-11.4844	-11.5	-11.8694	-12.2316	-11.0957	-10.77
-11.7317	-5.83068	0	-11.6429	-11.5	-12.4614	-13.635	-11.0741	-10.6308
-12.2411	-5.87425	0	-12.1879	-12.15	-13.002	-13.95	-11.5674	-11.0312
-12.2981	-5.85316	0	-12.2558	-12.15	-13.0288	-13.975	-11.6185	-11.0848
-11.8389	-5.83658	0	-11.7615	-11.6	-12.5579	-13.6167	-11.1846	-10.6727
-11.8997	-5.7868	0	-11.8009	-11.75	-12.6361	-13.6406	-11.2668	-10.8019
-11.9193	-5.85724	0	-11.8373	-11.45	-12.6843	-13.6656	-11.2612	-10.725
-11.532	-5.10267	0	-11.552	-11.45	-11.9719	-12.3808	-11.1438	-10.7757
-11.1055	-4.88725	0	-11.1246	-11.15	-11.487	-11.858	-10.7753	-10.4531
-10.3418	-4.74657	0	-10.3808	-10.35	-10.6739	-10.9872	-10.0503	-9.67273
-12.2477	-5.86708	0	-12.2256	-12.3	-12.9774	-13.8857	-11.6055	-10.9738
-11.5937	-5.80588	0	-11.5278	-11.25	-12.2528	-13.3941	-10.9722	-10.4167
-12.3237	-5.9987	0	-12.2919	-12.15	-13.1485	-14.0441	-11.5651	-10.9437
-11.4161	-5.05692	0	-11.4474	-11.45	-11.8403	-12.2289	-11.0365	-10.6526
-12.2804	-5.86439	0	-12.2643	-12.35	-13.0265	-13.845	-11.591	-11.0481
-12.031	-6.01527	0	-11.9905	-11.7	-12.8475	-13.8231	-11.3	-10.6565
-11.6507	-5.81091	0	-11.5813	-11.4	-12.3275	-13.4292	-11.0172	-10.4904
-11.8669	-5.7982	0	-11.8096	-11.65	-12.5527	-13.5824	-11.2475	-10.6529
-11.2484	-5.59757	0	-11.1735	-11.05	-11.7885	-13.0375	-10.7358	-10.1833
-12.1052	-5.91107	0	-12.0627	-12.05	-12.8623	-13.8875	-11.3943	-10.8586
-12.3817	-5.82682	0	-12.3453	-12.05	-13.0776	-14.0109	-11.7335	-11.144
-10.5672	-5.16489	0	-10.607	-10.6	-10.9933	-11.4833	-10.1953	-9.62407
-12.2586	-5.88588	0	-12.2355	-11.95	-13.0167	-13.8542	-11.5937	-10.9339
-12.1994	-5.86092	0	-12.1355	-11.75	-12.9675	-13.895	-11.5261	-11.0295
-11.3742	-4.92263	0	-11.398	-11.35	-11.7742	-12.1471	-11.0276	-10.6844
-12.2053	-5.93665	0	-12.1598	-12	-13.0103	-13.9	-11.492	-10.9447
-12.1072	-5.9597	0	-12.0458	-12.1	-12.9255	-13.8647	-11.3862	-10.8079
-12.4577	-5.97896	0	-12.4452	-12.5	-13.2312	-14.1472	-11.7781	-10.9111
-11.9514	-5.88565	0	-11.8768	-11.8	-12.7145	-13.6971	-11.2735	-10.7269
-12.3967	-5.88404	0	-12.3748	-12.35	-13.1329	-14.0208	-11.7209	-11.1205
-11.9827	-5.91762	0	-11.9209	-11.7	-12.7473	-13.7176	-11.2775	-10.7188
-12.0021	-5.84026	0	-11.9179	-11.85	-12.7535	-13.725	-11.3374	-10.8542
-12.0624	-5.86537	0	-11.9993	-11.75	-12.8	-13.7682	-11.3846	-10.8804
-12.0937	-5.89424	0	-12.0329	-11.85	-12.8471	-13.8857	-11.4098	-10.9
-12.172	-5.8701	0	-12.1246	-11.85	-12.9308	-13.8324	-11.4774	-10.9794
-11.902	-5.89716	0	-11.8205	-11.45	-12.6652	-13.745	-11.1961	-10.7077
