AVG	ENTROPY	FLAG	MEDIAN	MODE	P16	P2P5	P84	P97P5
0.1496	-5.02067	0	0.148684	0.25	-0.277817	-0.701515	0.514489	0.843182
-0.64406	-5.85971	0	-0.629478	-0.55	-1.37722	-2.225	0.0102041	0.666667
-1.02391	-5.91052	0	-1.00082	-1.15	-1.78205	-2.67895	-0.323585	0.268421
-0.5511	-6.00572	0	-0.500388	-0.45	-1.37955	-2.30909	0.22732	0.81
-0.26908	-5.19748	0	-0.299138	-0.25	-0.741724	-1.15333	0.134328	0.622059
-0.81163	-5.9926	0	-0.773179	-0.75	-1.60086	-2.595	-0.0827777	0.595652
-0.81571	-5.87765	0	-0.7808	-0.5	-1.55366	-2.47727	-0.154245	0.445653
-0.0295599	-5.85488	0	0.0862416	0.4	-0.798182	-1.915	0.628632	1.11818
-0.96467	-6.05785	0	-0.969667	-0.95	-1.80676	-2.66944	-0.191111	0.622728
-0.38324	-6.08063	0	-0.35051	-0.15	-1.26797	-2.19091	0.420349	1.1
-0.64053	-6.0843	0	-0.6475	-0.2	-1.51429	-2.43333	0.16076	0.943182
-0.53008	-5.94789	0	-0.48	-0.4	-1.33284	-2.22778	0.186539	0.763158
-0.71661	-5.88184	0	-0.653968	-0.7	-1.48145	-2.45	-0.0218253	0.498077
-0.0593899	-4.93145	0	-0.0732073	0	-0.463057	-0.816666	0.299	0.595455
-0.84896	-5.86624	0	-0.826144	-0.8	-1.57534	-2.45312	-0.186735	0.406522
-0.6078	-5.86469	0	-0.548921	-0.25	-1.34932	-2.27692	0.0707031	0.589394
-0.87832	-5.81773	0	-0.816	-0.7	-1.61791	-2.5275	-0.227311	0.283334
-0.95073	-6.10588	0	-0.896914	-0.5	-1.91429	-2.81389	-0.127885	0.616072
-0.4285	-5.94416	0	-0.388344	-0.35	-1.20411	-2.12667	0.268824	0.962501
-0.86194	-6.01032	0	-0.847037	-0.6	-1.68083	-2.53437	-0.114198	0.603125
-0.92603	-5.91156	0	-0.864029	-0.7	-1.69	-2.7	-0.236628	0.328261
-0.39214	-5.84576	0	-0.317037	-0.0499997	-1.135	-2.1	0.267857	0.78
-0.94283	-5.85971	0	-0.883784	-0.65	-1.69384	-2.65	-0.281081	0.261667
-0.49614	-5.93121	0	-0.426282	-0.4	-1.30821	-2.29167	0.226068	0.734375
-0.58754	-5.84873	0	-0.487187	-0.2	-1.35	-2.41176	0.0714912	0.571739
0.31846	-4.92076	0	0.300552	0.3	-0.0698793	-0.47	0.67069	0.962745
-0.94783	-5.84914	0	-0.886364	-0.85	-1.6881	-2.66053	-0.288889	0.247297
-0.99128	-5.86531	0	-0.928621	-0.85	-1.76525	-2.62105	-0.314682	0.233824
0.0570101	-5.13133	0	0.0371796	0.0999999	-0.395968	-0.82875	0.451007	0.846774
-0.70187	-5.90353	0	-0.676736	-0.6	-1.47222	-2.31364	-0.00119055	0.626471
-0.87767	-5.87687	0	-0.815705	-0.5	-1.61597	-2.62727	-0.207009	0.364
-0.5438	-5.92738	0	-0.426016	-0.0999999	-1.36	-2.425	0.157895	0.668966
-0.91348	-5.83429	0	-0.853247	-0.65	-1.63429	-2.625	-0.236842	0.235715
-0.80887	-5.89687	0	-0.771071	-0.4	-1.59114	-2.46389	-0.124519	0.465218
-0.74754	-5.85209	0	-0.686859	-0.65	-1.49531	-2.46923	-0.0725805	0.430556
0.28871	-4.97977	0	0.296104	0.3	-0.102137	-0.630357	0.626111	0.975
-0.83948	-5.90791	0	-0.784868	-0.5	-1.59746	-2.55938	-0.143628	0.422
-0.87983	-5.9014	0	-0.820229	-0.75	-1.64632	-2.58571	-0.18	0.367308
-0.78499	-5.87296	0	-0.740151	-0.5	-1.55	-2.425	-0.119907	0.454546
0.86854	-4.13333	0	0.789022	0.75	0.627027	0.508491	1.06893	1.45172
-0.96265	-5.79652	0	-0.920645	-0.75	-1.66824	-2.55833	-0.329167	0.195
-0.86526	-5.90434	0	-0.818518	-0.55	-1.65088	-2.51176	-0.154598	0.401852
-1.11022	-5.84876	0	-1.04819	-0.85	-1.82192	-2.875	-0.454205	0.0910716
-1.00095	-6.00417	0	-0.98373	-0.75	-1.81099	-2.68	-0.26573	0.466667
-0.71115	-5.96213	0	-0.697951	-0.5	-1.49054	-2.40333	-0.0255208	0.773077
-0.79736	-5.9353	0	-0.733929	-0.45	-1.57167	-2.56111	-0.0990099	0.534091
-0.46962	-5.86503	0	-0.395935	0	-1.25405	-2.16333	0.234348	0.678334
-0.86375	-5.83851	0	-0.816451	-0.6	-1.58729	-2.48	-0.20177	0.330645
-0.72821	-5.86617	0	-0.69781	-0.55	-1.46761	-2.34737	-0.0677082	0.529546
-0.5919	-5.88163	0	-0.518493	-0.4	-1.37174	-2.31429	0.0912036	0.609259
-0.15313	-4.96078	0	-0.171715	-0.0999999	-0.558333	-0.959459	0.214628	0.517105
-0.81307	-5.87547	0	-0.771168	-0.8	-1.55273	-2.4625	-0.148851	0.450001
-0.0149999	-4.9978	0	-0.0335791	-0.0499997	-0.419156	-0.857143	0.340909	0.688462
-0.52017	-5.84762	0	-0.428125	0	-1.27734	-2.275	0.150397	0.614063
-0.64303	-6.05257	0	-0.622642	-0.5	-1.47373	-2.45833	0.120482	0.875862
-0.61177	-5.9111	0	-0.569403	-0.45	-1.37193	-2.28846	0.110952	0.645653
-0.71022	-6.03597	0	-0.628035	-0.6	-1.62807	-2.49286	0.0779816	0.678261
-0.6851	-5.93699	0	-0.673776	-0.75	-1.45123	-2.33333	0.00487799	0.720589
-1.06694	-5.89707	0	-1.00517	-0.75	-1.82606	-2.8025	-0.383	0.168182
-0.7787	-5.93545	0	-0.762577	-0.75	-1.55278	-2.45	-0.0777777	0.6075
-0.61718	-5.93238	0	-0.571379	-0.55	-1.41923	-2.31905	0.090196	0.663637
-0.85124	-5.90719	0	-0.807718	-0.6	-1.63077	-2.53929	-0.147297	0.389394
-0.0695699	-6.03099	0	-0.088811	-0.2	-0.874219	-1.75417	0.701409	1.47045
-0.9442	-6.01748	0	-0.951953	-0.8	-1.77049	-2.61053	-0.197333	0.578125
-0.2541	-4.8654	0	-0.280298	-0.25	-0.627151	-0.975	0.0781457	0.423585
-0.9338	-5.87311	0	-0.88277	-0.6	-1.69179	-2.57812	-0.26381	0.305883
-0.73445	-5.92201	0	-0.70188	-0.4	-1.50987	-2.39773	-0.0352172	0.576667
-0.66055	-5.96289	0	-0.629386	-0.7	-1.43312	-2.45588	0.0435645	0.714706
-1.39972	-5.92622	0	-1.35903	-1.2	-2.16226	-3.09583	-0.715346	-0.0249995
-0.68696	-5.90213	0	-0.647757	-0.6	-1.44919	-2.32778	0.00980389	0.6
-0.62056	-5.88873	0	-0.554867	-0.35	-1.39846	-2.365	0.0833333	0.589394
-0.53282	-5.95597	0	-0.482394	-0.3	-1.32812	-2.35	0.2005	0.75926
-1.22908	-5.88312	0	-1.19586	-1.1	-1.96493	-2.85588	-0.56165	0.0660717
-0.78443	-5.82889	0	-0.704666	-0.5	-1.51493	-2.54375	-0.122481	0.341464
-1.07544	-5.87038	0	-1.0118	-1	-1.83141	-2.79167	-0.399	0.14375
-0.96141	-5.97847	0	-0.926718	-0.8	-1.77464	-2.662	-0.22125	0.428
-0.68722	-5.91715	0	-0.613636	-0.5	-1.47712	-2.46	0.019697	0.556452
-0.60866	-5.92103	0	-0.564876	-0.15	-1.39638	-2.26429	0.0828828	0.6775
0.11693	-4.7532	0	0.0904388	0.0999999	-0.231138	-0.571875	0.411471	0.744643
-1.01616	-5.76373	0	-0.959171	-0.75	-1.69211	-2.63077	-0.388889	0.0800002
-0.8662	-5.9133	0	-0.827097	-0.45	-1.62534	-2.55333	-0.177976	0.436843
-0.5807	-5.89322	0	-0.529167	-0.45	-1.34333	-2.26111	0.110638	0.6875
-0.53309	-5.9177	0	-0.486525	-0.5	-1.32931	-2.24531	0.177128	0.72
-0.79521	-5.83279	0	-0.734589	-0.5	-1.54083	-2.475	-0.139899	0.378572
0.0424101	-5.04312	0	0.0371597	0.0999999	-0.386552	-0.825	0.415484	0.749123
-0.81925	-5.83565	0	-0.756391	-0.65	-1.55902	-2.475	-0.160748	0.356
-0.94282	-5.95846	0	-0.88042	-0.4	-1.7449	-2.73333	-0.24	0.369231
-0.73112	-5.88128	0	-0.659441	-0.35	-1.47891	-2.53077	-0.0394735	0.440323
-0.99038	-5.90934	0	-0.931884	-0.65	-1.75849	-2.68333	-0.295833	0.266
-0.85467	-5.958	0	-0.83741	-0.7	-1.64737	-2.55714	-0.136667	0.502381
-0.0166199	-5.05587	0	-0.0239298	0	-0.442857	-0.910938	0.357692	0.685107
-1.00079	-5.88834	0	-0.945555	-0.6	-1.76692	-2.66364	-0.323711	0.236957
-0.7919	-5.87211	0	-0.736296	-0.55	-1.51507	-2.535	-0.122941	0.460417
-0.85943	-5.93759	0	-0.795323	-0.35	-1.65377	-2.65312	-0.149145	0.390385
0.69209	-3.93277	0	0.648432	0.6	0.487027	0.345968	0.842337	1.1075
-0.89131	-5.86232	0	-0.836014	-0.45	-1.64348	-2.55	-0.214414	0.305358
-0.75783	-5.87032	0	-0.70039	-0.4	-1.50746	-2.45833	-0.0921296	0.47069
-0.64156	-5.90911	0	-0.596831	-0.45	-1.40254	-2.32	0.0530121	0.628
-1.19237	-5.89044	0	-1.14064	-1.1	-1.93873	-2.89375	-0.517582	0.0605268
-0.67019	-5.88468	0	-0.592308	-0.25	-1.43731	-2.48333	0.0191489	0.502174
-0.87324	-5.88683	0	-0.82	-0.45	-1.64286	-2.55	-0.205288	0.416217
-0.22228	-4.96757	0	-0.236	-0.2	-0.627597	-1.01406	0.132298	0.455883
-0.98868	-5.85679	0	-0.923358	-0.55	-1.72551	-2.68333	-0.322897	0.188889
-0.55016	-5.84146	0	-0.485036	-0.4	-1.32788	-2.16136	0.116822	0.643549
-0.59576	-5.95181	0	-0.535906	-0.45	-1.39084	-2.3675	0.12421	0.734211
-1.11745	-5.82821	0	-1.05669	-0.75	-1.82817	-2.85	-0.475	0.0640003
-0.29257	-5.76951	0	-0.210904	-0.0999999	-0.963559	-2.05	0.318981	0.85
-1.08121	-5.85246	0	-1.03741	-0.95	-1.81121	-2.71731	-0.421	0.152174
-0.95005	-5.91344	0	-0.91903	-0.75	-1.71742	-2.58929	-0.263684	0.37
-1.16858	-5.93754	0	-1.08473	-1.05	-1.95422	-3.04688	-0.459794	0.0950001
-0.57143	-5.91055	0	-0.505862	-0.4	-1.34595	-2.35357	0.118067	0.6725
-1.16355	-5.82871	0	-1.10692	-1	-1.89722	-2.84615	-0.501042	-0.00892831
-0.17759	-5.05456	0	-0.196875	-0.0999999	-0.605319	-1.00769	0.189307	0.580769
-0.7848	-5.87673	0	-0.739677	-0.5	-1.54808	-2.45	-0.111927	0.448001
-1.08087	-5.83307	0	-1.03363	-1	-1.80435	-2.69286	-0.429911	0.11
-1.3701	-5.81343	0	-1.33602	-1.3	-2.10059	-2.93261	-0.724299	-0.164583
-0.77795	-5.91407	0	-0.732231	-0.5	-1.53955	-2.4825	-0.0726086	0.453847
-0.28453	-5.07974	0	-0.303958	-0.35	-0.704135	-1.15806	0.0947058	0.476786
-0.98857	-5.80385	0	-0.905517	-0.55	-1.71	-2.64524	-0.359615	0.146429
-0.11125	-5.92787	0	0.0118645	0.3	-0.930303	-2.03158	0.583929	1.10577
-0.95378	-5.94782	0	-0.94966	-0.75	-1.72	-2.57353	-0.265957	0.584783
-0.93024	-5.9893	0	-0.896191	-0.4	-1.76066	-2.67222	-0.183854	0.414584
-1.07205	-5.98472	0	-1.06532	-1.1	-1.84286	-2.74615	-0.342857	0.384091
-0.47026	-5.71236	0	-0.399153	-0.25	-1.11066	-2.20909	0.118702	0.605769
-0.60795	-5.89672	0	-0.536792	-0.35	-1.37465	-2.3375	0.0616162	0.656819
-0.81219	-5.88011	0	-0.734797	-0.45	-1.58176	-2.5825	-0.122881	0.378125
-0.80222	-5.86463	0	-0.758042	-0.65	-1.53882	-2.46842	-0.128241	0.432813
-0.87406	-5.84855	0	-0.803543	-0.55	-1.625	-2.60357	-0.1975	0.275715
-1.003	-5.9047	0	-0.961397	-1	-1.75522	-2.75278	-0.296759	0.260257
-1.06916	-5.84769	0	-0.986274	-0.75	-1.83194	-2.79375	-0.395417	0.082927
-0.79646	-5.86355	0	-0.738214	-0.65	-1.54853	-2.45455	-0.11875	0.404167
0.0387401	-4.84559	0	0.0204779	0.0500002	-0.335882	-0.691667	0.374074	0.666667
-0.99814	-5.89626	0	-0.944244	-0.8	-1.76692	-2.73235	-0.297265	0.225715
-1.24879	-5.9899	0	-1.20657	-1.3	-2.07589	-3.02222	-0.50625	0.102
-0.45964	-5.81449	0	-0.410366	-0.25	-1.1377	-2.15937	0.175	0.736
0.0951001	-4.87421	0	0.0811847	0.0999999	-0.286905	-0.6575	0.431216	0.724445
-0.77519	-5.81226	0	-0.712829	-0.5	-1.51181	-2.42143	-0.126191	0.368421
-0.92851	-5.91295	0	-0.917347	-0.65	-1.67027	-2.56071	-0.237634	0.488462
-0.81873	-5.87982	0	-0.741241	-0.5	-1.60154	-2.57857	-0.141379	0.384
-0.72781	-5.83277	0	-0.664052	-0.5	-1.44	-2.45278	-0.0685343	0.435001
-0.81327	-5.84716	0	-0.753067	-0.75	-1.54589	-2.51579	-0.145896	0.360938
-0.77576	-5.95971	0	-0.735887	-0.45	-1.57976	-2.51562	-0.0460225	0.522917
-1.16882	-5.86514	0	-1.1088	-0.8	-1.89638	-2.91176	-0.5	0.0468754
-0.94251	-5.98939	0	-0.9364	-1	-1.75676	-2.61905	-0.204819	0.527273
-0.6695	-6.02491	0	-0.686522	-0.55	-1.46818	-2.35667	0.0913332	0.888
-0.72105	-5.94869	0	-0.668248	-0.45	-1.51026	-2.45333	-0.0106195	0.6
-0.33446	-5.33777	0	-0.381034	-0.6	-0.842675	-1.26136	0.120472	0.675
0.0476701	-5.02315	0	0.0394638	0.0999999	-0.371379	-0.780555	0.41465	0.748718
-0.75269	-6.05032	0	-0.710096	-0.45	-1.635	-2.5	0.0548914	0.67
-0.49008	-6.01011	0	-0.467045	-0.55	-1.31754	-2.25	0.255102	0.916667
-0.94009	-5.91041	0	-0.925463	-0.8	-1.68831	-2.57	-0.259615	0.397917
-0.48131	-5.96405	0	-0.42234	-0.15	-1.31119	-2.28824	0.272609	0.788236
-0.65908	-5.93634	0	-0.641497	-0.6	-1.43291	-2.36923	0.0591347	0.677084
-0.78471	-5.9228	0	-0.747203	-0.6	-1.55259	-2.48333	-0.105426	0.541667
-1.07054	-5.8031	0	-1.02163	-0.8	-1.79	-2.62	-0.426699	0.0828127
-2.09664	-6.33776	2	-1.97296	-1.4	-3.23962	-4.35359	-1.09015	-0.4677
-0.96739	-5.92681	0	-0.912069	-0.65	-1.74013	-2.70833	-0.287931	0.336842
-1.66727	-6.33266	2	-1.53125	-1.05	-2.85139	-3.85312	-0.678488	-0.0339996
-1.0803	-5.89717	0	-1.05465	-0.95	-1.81029	-2.70385	-0.425248	0.300001
-0.78362	-6.16487	0	-0.79708	-0.75	-1.67436	-2.66154	0.0479731	0.942001
-0.78308	-5.93965	0	-0.739404	-0.45	-1.54754	-2.54615	-0.102381	0.588637
-1.21713	-5.85105	0	-1.15645	-0.9	-1.96458	-2.8525	-0.548016	-0.0124997
-0.49848	-6.12048	0	-0.523577	-0.6	-1.36866	-2.27308	0.326289	1.15938
-0.84195	-5.90062	0	-0.826829	-1	-1.58395	-2.46316	-0.15	0.458621
-0.94976	-5.99208	0	-0.93	-0.65	-1.74762	-2.67778	-0.225258	0.576471
-0.79848	-5.98691	0	-0.723664	-0.35	-1.66463	-2.64667	-0.0294642	0.463158
-0.77571	-5.96152	0	-0.725617	-0.7	-1.58284	-2.51471	-0.0545453	0.529546
-0.52759	-5.96119	0	-0.47582	-0.15	-1.33561	-2.27083	0.214904	0.756818
-0.77511	-5.85225	0	-0.730575	-0.85	-1.51024	-2.39038	-0.11625	0.436
-0.96278	-5.88562	0	-0.913667	-0.75	-1.72	-2.625	-0.280114	0.284783
-0.0511399	-5.00857	0	-0.0699998	-0.0999999	-0.452917	-0.880882	0.312092	0.647059
-0.71579	-5.91471	0	-0.613986	-0.35	-1.50745	-2.58636	-0.0198275	0.46579
-0.83008	-5.93036	0	-0.780822	-0.6	-1.61579	-2.54	-0.118391	0.452084
-0.92827	-5.95429	0	-0.891791	-0.8	-1.70625	-2.67333	-0.21699	0.423077
-0.92917	-5.87176	0	-0.849123	-0.6	-1.68881	-2.7125	-0.240179	0.246154
-1.15569	-5.91221	0	-1.12315	-1.1	-1.93403	-2.80909	-0.472522	0.159524
0.35234	-4.46266	0	0.311605	0.3	0.0644959	-0.171667	0.585088	0.901137
-0.78992	-5.85314	0	-0.740948	-0.6	-1.53462	-2.43125	-0.121545	0.41579
-0.76549	-5.81163	0	-0.722384	-0.8	-1.48506	-2.3381	-0.1252	0.423438
0.0470801	-4.9577	0	0.0304423	0.0500002	-0.351071	-0.776562	0.40733	0.701064
-0.82677	-5.84213	0	-0.784121	-0.55	-1.54653	-2.51818	-0.158716	0.36
-0.63805	-5.91259	0	-0.574418	-0.45	-1.40588	-2.355	0.0529127	0.635417
-1.88068	-6.32678	2	-1.71406	-1	-3.04748	-4.28148	-0.899109	-0.27785
-0.80046	-5.89033	0	-0.749315	-0.55	-1.57292	-2.44211	-0.124748	0.455556
-0.92363	-5.90864	0	-0.886364	-0.75	-1.68264	-2.55588	-0.244555	0.419566
-0.77427	-5.87584	0	-0.717808	-0.3	-1.54583	-2.43958	-0.0892523	0.444643
-1.10175	-5.88332	0	-1.05736	-1.05	-1.86067	-2.75	-0.417822	0.163637
-0.78161	-5.79297	0	-0.716667	-0.6	-1.49545	-2.38529	-0.143056	0.36
-0.91314	-5.8559	0	-0.870915	-0.6	-1.64795	-2.54167	-0.248969	0.314286
-0.70591	-5.93299	0	-0.613603	-0.5	-1.52083	-2.52727	0.00219293	0.55
-0.92825	-5.85099	0	-0.851351	-0.35	-1.67727	-2.72647	-0.252966	0.219118
-0.0131899	-5.73771	0	0.114873	0.3	-0.726852	-1.83158	0.609701	0.996739
-1.11169	-6.31074	1	-1.04862	-0.95	-2.18232	-3.16377	-0.143836	0.591505
-1.19022	-5.88541	0	-1.1136	-0.85	-1.95667	-2.94	-0.4988	-0.0145159
-0.87097	-5.9951	0	-0.816935	-0.4	-1.69701	-2.67778	-0.107216	0.425
-0.73918	-5.8692	0	-0.692592	-0.5	-1.47222	-2.43571	-0.0603446	0.473077
-1.27238	-6.31329	1	-1.20286	-1.05	-2.34324	-3.35715	-0.313213	0.408357
-0.9267	-5.90101	0	-0.871329	-0.65	-1.69	-2.60455	-0.266667	0.364706
-1.10158	-5.84259	0	-1.03503	-0.6	-1.86067	-2.7	-0.445378	0.115
-0.757206	-6.32178	1	-0.539199	-0.15	-1.87947	-3.3578	0.160267	0.825814
-0.89824	-5.89106	0	-0.816312	-0.55	-1.68958	-2.68611	-0.207522	0.3
-0.89323	-5.8608	0	-0.827143	-0.5	-1.65887	-2.57353	-0.222059	0.296
-0.5409	-5.96912	0	-0.47605	-0.0499997	-1.37679	-2.29737	0.204584	0.742857
-1.24888	-5.97191	0	-1.21268	-0.8	-2.05364	-3	-0.517647	0.12
-0.3339	-5.66613	0	-0.25628	0	-0.952985	-2.08889	0.231557	0.690323
-0.35134	-5.89649	0	-0.238346	0	-1.11491	-2.30769	0.334108	0.81
-0.37798	-5.92264	0	-0.239098	0.0500002	-1.21048	-2.28529	0.324194	0.823334
-0.58916	-5.86659	0	-0.5493	-0.45	-1.3375	-2.22727	0.0808593	0.644643
-0.73063	-5.93783	0	-0.710887	-0.75	-1.51875	-2.38437	-0.0209523	0.626316
-0.72505	-5.87722	0	-0.66962	-0.25	-1.48269	-2.425	-0.0399998	0.493056
-2.0512	-6.32123	2	-1.92096	-1.25	-3.22357	-4.27756	-1.05384	-0.43195
-0.887255	-6.32875	1	-0.759991	-0.6	-2.02396	-3.07868	0.0915109	0.735357
-1.55499	-6.32762	2	-1.41989	-0.8	-2.68333	-3.85	-0.560937	0.0525005
-0.83377	-5.97082	0	-0.807025	-0.55	-1.62903	-2.575	-0.106364	0.524138
-0.54986	-5.95855	0	-0.455328	-0.15	-1.3678	-2.40385	0.192975	0.663334
-0.83013	-5.89052	0	-0.779194	-0.65	-1.56866	-2.56154	-0.151852	0.4375
-0.71482	-5.89205	0	-0.629688	-0.2	-1.4806	-2.49667	-0.0523807	0.528261
-0.47164	-5.83406	0	-0.38792	-0.0999999	-1.2	-2.27308	0.19567	0.644445
-0.63467	-5.88969	0	-0.555242	-0.35	-1.415	-2.4	0.0699248	0.551725
-0.74072	-5.85978	0	-0.669758	-0.35	-1.48611	-2.49444	-0.0659089	0.428847
-1.512	-6.28019	1	-1.38477	-0.85	-2.60281	-3.68547	-0.562414	0.00548
-1.19849	-5.90012	0	-1.13778	-1	-1.98507	-2.93056	-0.504444	0.0312503
-0.76489	-5.91017	0	-0.752941	-0.6	-1.50203	-2.40882	-0.0781914	0.607143
-0.68278	-5.80531	0	-0.603548	-0.25	-1.39726	-2.41429	-0.038034	0.451352
-0.86486	-5.86762	0	-0.786296	-0.6	-1.61803	-2.59615	-0.193055	0.300001
-0.68041	-5.85184	0	-0.587407	-0.5	-1.43727	-2.45769	-0.00756304	0.478334
-0.60722	-6.0277	0	-0.575757	-0.3	-1.43041	-2.39286	0.1475	0.809524
-0.59601	-6.00312	0	-0.568571	-0.25	-1.39071	-2.34643	0.135897	0.843334
-0.90557	-5.89937	0	-0.832089	-0.45	-1.67153	-2.64792	-0.222596	0.346429
-0.645	-5.88833	0	-0.627536	-0.45	-1.40402	-2.26389	0.0424243	0.652778
-0.89703	-6.02211	0	-0.853435	-0.65	-1.71579	-2.725	-0.160526	0.5525
-0.68494	-5.91262	0	-0.654808	-0.65	-1.44667	-2.34062	0.0319048	0.598
-0.54402	-5.92398	0	-0.493233	-0.15	-1.33846	-2.3	0.165094	0.7125
-0.86917	-5.93214	0	-0.851667	-0.9	-1.62468	-2.50417	-0.18314	0.531819
0.0593701	-4.84134	0	0.0333924	0	-0.308709	-0.660294	0.399405	0.695763
-0.19169	-6.00468	0	-0.0921767	0.3	-1.02818	-2.15455	0.466	1.45208
-0.6096	-6.02902	0	-0.540094	-0.15	-1.47197	-2.48	0.161957	0.725926
-0.0986799	-6.17543	0	-0.0755433	0	-1.01875	-1.99375	0.756395	1.50625
-0.64473	-5.80847	0	-0.584266	-0.6	-1.36875	-2.26471	-0.00238099	0.522581
-0.85334	-5.86158	0	-0.787187	-0.45	-1.61695	-2.525	-0.193204	0.354
-0.78578	-5.96143	0	-0.762414	-0.85	-1.56786	-2.47647	-0.0775861	0.595455
-0.65584	-5.8889	0	-0.622727	-0.6	-1.42714	-2.28462	0.0362246	0.62
-0.71889	-5.8612	0	-0.655986	-0.5	-1.46226	-2.36429	-0.0542015	0.46591
-0.98914	-5.83198	0	-0.955	-0.8	-1.71218	-2.62667	-0.316667	0.221667
-0.96049	-5.87083	0	-0.922258	-0.9	-1.71972	-2.59	-0.295361	0.288
-0.93136	-5.83237	0	-0.891615	-0.8	-1.65974	-2.5	-0.282479	0.303847
-0.62887	-6.06763	0	-0.591985	-0.5	-1.457	-2.4375	0.142308	0.796552
-0.75713	-6.05037	0	-0.738298	-0.25	-1.59841	-2.5119	0.0104938	0.716667
-0.70637	-5.84044	0	-0.678235	-0.65	-1.42903	-2.30294	-0.0586775	0.555556
-0.57322	-5.97892	0	-0.507037	0	-1.39744	-2.37955	0.173661	0.707895
-1.1203	-5.81416	0	-1.08125	-0.9	-1.82164	-2.68421	-0.483197	0.0875002
-1.0543	-5.84157	0	-1.03483	-0.85	-1.78115	-2.59687	-0.407658	0.191936
-0.92932	-5.92388	0	-0.903	-0.75	-1.70952	-2.56875	-0.22451	0.400001
-0.69457	-5.8657	0	-0.636039	-0.3	-1.43169	-2.42632	-0.0369317	0.54091
0.14931	-5.01333	0	0.137154	0.2	-0.254839	-0.719643	0.509012	0.862821
0.26424	-4.87847	0	0.236655	0.25	-0.119079	-0.462245	0.596221	0.932895
-0.80801	-5.81587	0	-0.764687	-0.75	-1.51831	-2.43	-0.164286	0.390385
-0.94663	-5.88606	0	-0.880142	-0.5	-1.70724	-2.70312	-0.262389	0.25
-1.04045	-5.93047	0	-1.02891	-0.85	-1.81212	-2.65556	-0.343564	0.34
-0.7149	-5.9659	0	-0.706579	-0.6	-1.49342	-2.39	-0.0126316	0.775001
-0.66862	-6.05153	0	-0.634884	-0.4	-1.54138	-2.39375	0.0921347	0.810527
-0.77087	-5.96335	0	-0.709121	-0.35	-1.56186	-2.57368	-0.0484692	0.530303
-0.66547	-6.00204	0	-0.646539	-0.8	-1.46393	-2.4	0.077647	0.751923
-0.20732	-5.63096	0	-0.153378	-0.15	-0.760526	-1.86786	0.331349	0.855
-0.69401	-5.89677	0	-0.633667	-0.4	-1.45238	-2.40909	-0.00824178	0.563044
-0.8126	-5.94128	0	-0.794275	-0.55	-1.5871	-2.45357	-0.0866378	0.506818
-0.78406	-5.86238	0	-0.735621	-0.75	-1.52727	-2.50333	-0.109914	0.427273
0.31526	-5.03344	0	0.298246	0.5	-0.10102	-0.507407	0.671752	1.07679
-0.76492	-5.90003	0	-0.733858	-0.6	-1.51129	-2.4	-0.0797169	0.530953
-1.19823	-5.84897	0	-1.11975	-0.95	-1.94179	-2.975	-0.532692	-0.0421871
0.40034	-4.83337	0	0.389968	0.4	0.0326924	-0.361111	0.713889	1.01757
-1.03508	-5.99822	0	-0.978899	-0.7	-1.84412	-2.86389	-0.298314	0.306522
-1.00688	-5.93282	0	-0.9396	-0.55	-1.81169	-2.77857	-0.301923	0.248077
-0.79405	-5.89303	0	-0.762592	-0.8	-1.55	-2.445	-0.0972477	0.460715
-0.5951	-5.8616	0	-0.562812	-0.55	-1.34487	-2.20769	0.0761111	0.658696
-0.84053	-6.01597	0	-0.81647	-0.8	-1.68583	-2.56944	-0.0842696	0.5625
0.81192	-4.5003	0	0.783292	0.8	0.508714	0.261429	1.06599	1.33241
0.0498501	-5.40754	0	0.077511	0.0500002	-0.397525	-1.45	0.5	1.03871
-0.7255	-5.87213	0	-0.696666	-0.75	-1.464	-2.33667	-0.0686914	0.561765
-0.10248	-5.0148	0	-0.122157	-0.15	-0.515625	-0.92027	0.262418	0.619697
-0.47949	-6.12387	0	-0.51886	-0.55	-1.37464	-2.24722	0.453677	1.07571
-0.1137	-5.06133	0	-0.13248	-0.0999999	-0.538059	-0.968182	0.260357	0.633334
0.23413	-5.37855	0	0.325417	0.5	-0.256923	-1.37692	0.687632	1.04419
-0.87371	-5.82946	0	-0.802484	-0.75	-1.60694	-2.6	-0.21124	0.284147
-1.05704	-5.96169	0	-1.04613	-1	-1.82917	-2.71818	-0.346078	0.378125
-1.09053	-5.9706	0	-1.04521	-1	-1.90397	-2.79565	-0.366304	0.292
-1.11425	-6.00061	0	-1.09931	-1.1	-1.91774	-2.82812	-0.379798	0.341177
-0.65628	-5.91218	0	-0.5872	-0.3	-1.44063	-2.37381	0.048276	0.565218
-0.79889	-5.92227	0	-0.713433	-0.4	-1.57833	-2.65312	-0.0857797	0.416667
-0.8312	-6.07672	0	-0.831203	-1	-1.66071	-2.62059	-0.0499998	0.696297
-0.89924	-5.92482	0	-0.842126	-0.6	-1.69773	-2.61786	-0.195982	0.4
-0.63839	-5.93382	0	-0.587676	-0.35	-1.42377	-2.3425	0.07875	0.629167
-0.59201	-5.88265	0	-0.562847	-0.35	-1.33082	-2.2125	0.0755	0.720001
-0.75605	-5.85949	0	-0.711956	-0.5	-1.49302	-2.37895	-0.0877272	0.505556
-0.31529	-4.96501	0	-0.349617	-0.35	-0.7225	-1.07889	0.0407822	0.396512
-0.78952	-5.9331	0	-0.766433	-0.5	-1.53841	-2.45	-0.111667	0.625
-0.89187	-5.92476	0	-0.829136	-0.6	-1.68125	-2.6381	-0.188696	0.380435
-0.90623	-5.91533	0	-0.859155	-0.9	-1.6875	-2.62174	-0.216071	0.397619
-0.97016	-5.94253	0	-0.925581	-0.85	-1.74805	-2.66111	-0.260577	0.342424
-0.86226	-5.88521	0	-0.813433	-0.9	-1.61835	-2.57857	-0.175	0.383334
0.0575701	-4.86091	0	0.0286478	0.0500002	-0.327228	-0.669231	0.400955	0.7
-0.64851	-6.10112	0	-0.635586	-0.85	-1.51377	-2.41136	0.167568	0.884616
-0.85547	-5.93482	0	-0.808633	-0.55	-1.61909	-2.56111	-0.162632	0.464706
-0.90604	-5.97167	0	-0.881667	-0.95	-1.71596	-2.58	-0.184536	0.4625
-0.57894	-6.00866	0	-0.578461	-0.35	-1.37432	-2.27647	0.164894	0.853334
-0.43666	-5.91742	0	-0.340357	-0.25	-1.22266	-2.255	0.251667	0.792308
-0.68184	-6.06215	0	-0.674409	-0.8	-1.51554	-2.45357	0.0935064	0.8
-0.87227	-5.97805	0	-0.86844	-0.75	-1.66533	-2.52187	-0.155435	0.681819
-0.72234	-6.16479	0	-0.728409	-0.9	-1.67652	-2.61667	0.204412	0.7875
-1.00216	-6.01133	0	-1.00822	-0.75	-1.78592	-2.68636	-0.298591	0.610527
-0.92262	-5.91694	0	-0.871831	-0.75	-1.69189	-2.62381	-0.224038	0.341667
-0.86613	-5.88397	0	-0.790141	-0.55	-1.63472	-2.6225	-0.192797	0.330883
-1.03495	-5.89511	0	-1.00941	-1	-1.78406	-2.7	-0.348739	0.269231
-1.14031	-5.8217	0	-1.09472	-0.9	-1.86231	-2.77333	-0.487391	0.0478265
0.48134	-5.38742	0	0.517207	0.5	0.032184	-1.00667	0.933904	1.37941
-0.90664	-5.9325	0	-0.843226	-0.8	-1.70565	-2.64167	-0.194737	0.381482
-0.92594	-5.92432	0	-0.883667	-0.65	-1.71045	-2.65417	-0.216514	0.348333
-0.63765	-5.93103	0	-0.615809	-0.15	-1.40846	-2.29667	0.066087	0.705173
-0.80915	-5.90611	0	-0.754225	-0.7	-1.59286	-2.51	-0.108772	0.429311
-0.96033	-5.81339	0	-0.870588	-0.6	-1.67302	-2.73214	-0.323228	0.18125
-0.62745	-5.9069	0	-0.585384	-0.3	-1.40125	-2.34048	0.0683674	0.643182
-0.94824	-5.9899	0	-0.943706	-0.85	-1.74779	-2.60667	-0.206667	0.59375
-0.65211	-5.89197	0	-0.597143	-0.3	-1.41357	-2.31471	0.0234375	0.636539
-0.88257	-5.89433	0	-0.824367	-0.8	-1.65625	-2.59333	-0.193518	0.335714
-1.17422	-5.88	0	-1.15069	-0.9	-1.90663	-2.78	-0.5	0.11579
-0.63586	-5.98057	0	-0.628358	-0.4	-1.41462	-2.31471	0.0844444	0.86579
-0.99589	-5.8347	0	-0.947945	-0.6	-1.73188	-2.582	-0.338524	0.220834
-1.03506	-6.04911	0	-1.03493	-0.65	-1.85577	-2.86	-0.2675	0.56875
-0.96132	-5.85891	0	-0.893089	-0.55	-1.72727	-2.67059	-0.296052	0.225
-0.8125	-5.82018	0	-0.776642	-0.4	-1.54662	-2.38462	-0.162121	0.385
-0.73163	-5.81269	0	-0.705882	-0.5	-1.44718	-2.28261	-0.0809523	0.483334
-0.81967	-5.96578	0	-0.782847	-0.55	-1.57586	-2.61333	-0.115	0.543751
-0.22547	-5.04958	0	-0.244402	-0.2	-0.644643	-1.07714	0.14704	0.516216
-1.06707	-5.85397	0	-1.02516	-0.75	-1.79695	-2.68235	-0.41	0.148077
-0.99979	-5.93326	0	-0.968015	-0.8	-1.76622	-2.66562	-0.297024	0.306522
-0.87194	-5.82502	0	-0.823313	-0.8	-1.59514	-2.51	-0.207075	0.261539
-0.90168	-5.86008	0	-0.834426	-0.65	-1.66102	-2.63333	-0.222222	0.263236
-1.08261	-5.85834	0	-1.052	-0.85	-1.82403	-2.715	-0.40618	0.148387
-0.38789	-6.09944	0	-0.432447	-0.8	-1.30584	-2.03333	0.584746	1.20326
-1.30798	-5.89007	0	-1.246	-1.05	-2.0839	-3.00789	-0.614912	-0.0656246
-0.9767	-5.92996	0	-0.943506	-0.9	-1.75312	-2.65588	-0.264211	0.310527
-0.87644	-5.80003	0	-0.840809	-0.65	-1.59	-2.49062	-0.224528	0.257813
0.21291	-4.90048	0	0.186808	0.2	-0.172535	-0.53	0.542265	0.879032
-0.71675	-5.91423	0	-0.692763	-0.65	-1.49133	-2.3225	-0.035542	0.632609
-0.8924	-5.89552	0	-0.841729	-0.75	-1.67923	-2.592	-0.195339	0.38125
-0.63633	-5.9055	0	-0.595489	-0.3	-1.41071	-2.29545	0.0615385	0.620588
-0.74802	-5.93155	0	-0.6964	-0.4	-1.53387	-2.44474	-0.027647	0.506667
0.62488	-5.17449	0	0.642996	0.7	0.22521	-0.568182	1.01531	1.40238
-1.05652	-6.01768	0	-1.03007	-0.7	-1.86275	-2.85312	-0.310759	0.381818
-0.90231	-5.85221	0	-0.859854	-0.7	-1.63836	-2.53478	-0.244681	0.344445
-0.84306	-5.86824	0	-0.771523	-0.6	-1.6	-2.53947	-0.159746	0.323334
-0.7427	-5.83255	0	-0.692466	-0.45	-1.48359	-2.34474	-0.0863635	0.442188
-1.06684	-5.86477	0	-1.00658	-0.85	-1.81316	-2.76786	-0.403572	0.142188
-0.99104	-5.83911	0	-0.929286	-0.5	-1.725	-2.675	-0.338889	0.174194
0.7924	-4.56744	0	0.749072	0.75	0.490598	0.256494	1.04202	1.39865
-0.82999	-5.88023	0	-0.753731	-0.6	-1.6087	-2.5381	-0.142719	0.364286
-0.81924	-6.20758	0	-0.833913	-0.95	-1.77101	-2.65789	0.116667	0.823685
-0.58852	-5.9992	0	-0.546063	-0.3	-1.39653	-2.38125	0.146	0.779167
-0.61217	-5.92387	0	-0.509615	-0.35	-1.39727	-2.43438	0.0743119	0.625
-0.74248	-6.14138	0	-0.690291	-0.5	-1.67321	-2.59333	0.0989472	0.801786
-0.89851	-5.95498	0	-0.860317	-0.7	-1.68182	-2.585	-0.195402	0.51
-0.50004	-5.96764	0	-0.424088	-0.0499997	-1.29155	-2.40556	0.187143	0.830556
-0.68505	-5.81671	0	-0.624817	-0.3	-1.42266	-2.35556	-0.0329456	0.463334
-0.71494	-5.86917	0	-0.691059	-0.55	-1.44403	-2.36429	-0.0525771	0.630556
-0.93836	-5.99433	0	-0.906835	-0.8	-1.7493	-2.66316	-0.202247	0.492308
-0.6771	-5.89064	0	-0.60678	-0.5	-1.43333	-2.45385	0.0064356	0.558696
-0.91428	-6.00663	0	-0.889381	-0.6	-1.72877	-2.6375	-0.162048	0.5
-0.81508	-5.91741	0	-0.790357	-0.65	-1.57324	-2.49545	-0.118519	0.51
-0.0211599	-4.93023	0	-0.044813	-0.0999999	-0.409864	-0.821875	0.334768	0.635455
0.0882701	-4.94559	0	0.0652175	0.0999999	-0.300299	-0.70303	0.440184	0.770238
-0.84501	-5.85217	0	-0.791726	-0.55	-1.57083	-2.4875	-0.178641	0.352084
-0.9191	-5.86737	0	-0.859929	-0.75	-1.66429	-2.6125	-0.259524	0.302084
-1.07497	-5.81292	0	-1.00839	-0.7	-1.81937	-2.79286	-0.420874	0.058621
-1.01109	-5.88652	0	-0.96884	-0.8	-1.77037	-2.68214	-0.334694	0.259091
-1.04121	-5.9158	0	-0.9975	-1.05	-1.79621	-2.81154	-0.358095	0.255
-0.67765	-5.83364	0	-0.607407	-0.4	-1.40357	-2.3881	-0.0310483	0.501667
-0.57675	-5.85446	0	-0.514029	-0.25	-1.31316	-2.25357	0.0848739	0.6225
-1.03032	-5.88934	0	-0.997945	-0.85	-1.77879	-2.65625	-0.357339	0.251852
-0.85493	-5.8996	0	-0.79671	-0.5	-1.6241	-2.55	-0.187097	0.427143
-0.89293	-5.86439	0	-0.813851	-0.75	-1.66094	-2.625	-0.215217	0.275
-0.77212	-5.94955	0	-0.732456	-0.55	-1.54018	-2.56111	-0.058854	0.534616
-0.71998	-5.91245	0	-0.658394	-0.35	-1.50515	-2.43095	-0.0249999	0.522222
-0.36607	-6.11372	0	-0.381304	-0.55	-1.22836	-2.15357	0.46039	1.26852
-1.28069	-5.85068	0	-1.21887	-1	-2.02	-2.95	-0.614019	-0.0827583
-0.79283	-5.92271	0	-0.771753	-0.75	-1.55672	-2.43571	-0.0926315	0.559524
-1.09045	-5.87605	0	-1.03723	-0.9	-1.85231	-2.78667	-0.41281	0.117392
-0.61205	-6.03767	0	-0.553153	-0.35	-1.47537	-2.44062	0.159412	0.756818
-0.95982	-5.8858	0	-0.905028	-0.9	-1.70775	-2.71364	-0.283606	0.245834
-0.82452	-5.85089	0	-0.741761	-0.7	-1.56268	-2.64091	-0.154445	0.325
0.0350201	-5.00148	0	0.0158899	-0.0499997	-0.38007	-0.777778	0.404487	0.733334
-0.0432399	-4.94361	0	-0.0542143	0	-0.441611	-0.840278	0.307735	0.618519
-1.03766	-5.92172	0	-1.00255	-0.8	-1.8087	-2.664	-0.343229	0.331482
-0.84799	-5.88962	0	-0.79187	-0.55	-1.60082	-2.56667	-0.158929	0.374243
-0.79538	-5.91657	0	-0.721895	-0.65	-1.56901	-2.54412	-0.0896295	0.444828
-0.86487	-5.847	0	-0.784091	-0.45	-1.61818	-2.59444	-0.201111	0.28
-0.61743	-5.90387	0	-0.582246	-0.0999999	-1.36538	-2.2875	0.0783019	0.674
0.44448	-4.92465	0	0.427679	0.55	0.0465988	-0.335135	0.796045	1.10761
-0.78241	-5.84452	0	-0.725	-0.8	-1.54538	-2.44737	-0.124766	0.408
-1.0593	-5.8899	0	-1.0063	-0.95	-1.80448	-2.77333	-0.389247	0.2325
-0.81104	-5.81363	0	-0.725	-0.55	-1.52281	-2.60263	-0.163095	0.336207
-0.7377	-6.12489	0	-0.774537	-0.7	-1.59602	-2.5	0.0897726	0.977084
-0.74796	-6.05457	0	-0.744737	-0.55	-1.56909	-2.5125	0.025	0.762
-0.976	-5.96646	0	-0.917939	-0.65	-1.77807	-2.75	-0.255556	0.35303
-0.82613	-5.86756	0	-0.808904	-0.45	-1.55694	-2.4225	-0.146079	0.471429
0.92465	-5.45617	0	0.932864	1	0.430128	-0.430769	1.4008	1.91042
-1.01752	-5.91489	0	-0.929044	-0.6	-1.81883	-2.795	-0.321495	0.1875
-0.91178	-5.86001	0	-0.867568	-0.45	-1.6474	-2.575	-0.248958	0.339286
-0.68617	-5.90234	0	-0.597115	-0.4	-1.43878	-2.57895	-0.00991379	0.55
-1.10233	-5.89342	0	-1.0551	-0.95	-1.863	-2.79545	-0.426596	0.177778
-0.88239	-5.90945	0	-0.830232	-0.65	-1.63769	-2.60312	-0.208763	0.416
-1.08186	-5.84698	0	-1.025	-0.9	-1.80917	-2.75	-0.434821	0.157693
-1.21109	-5.87159	0	-1.14623	-0.85	-1.98182	-2.87812	-0.524553	-0.0229727
-0.75743	-5.79918	0	-0.698089	-0.5	-1.46587	-2.38929	-0.124324	0.40625
-0.29849	-5.13281	0	-0.325	-0.3	-0.74497	-1.1439	0.092384	0.511905
-0.96061	-5.88752	0	-0.907051	-0.85	-1.71646	-2.66136	-0.265948	0.266129
0.11728	-4.97015	0	0.0961396	0.0999999	-0.283557	-0.686486	0.480055	0.786793
-0.2914	-4.94823	0	-0.314552	-0.35	-0.704464	-1.03731	0.0659236	0.394118
-0.76471	-5.80707	0	-0.667073	-0.6	-1.49118	-2.60714	-0.110163	0.317857
-0.77418	-5.86775	0	-0.722222	-0.6	-1.53134	-2.43182	-0.0955752	0.440323
-0.86781	-5.85032	0	-0.821765	-0.8	-1.59859	-2.51	-0.2048	0.340909
-1.02386	-5.82869	0	-0.947651	-0.8	-1.7375	-2.80294	-0.378832	0.156897
-0.83691	-5.77274	0	-0.738535	-0.5	-1.53492	-2.59286	-0.216788	0.230233
-0.82155	-5.85155	0	-0.739744	-0.45	-1.56182	-2.62143	-0.157258	0.35
-0.37173	-5.02818	0	-0.396787	-0.3	-0.790816	-1.17576	-0.00529803	0.372222
0.0590901	-4.83088	0	0.0390412	0	-0.306481	-0.677273	0.37767	0.690566
0.83196	-4.68958	0	0.789562	0.75	0.511975	0.223256	1.10701	1.47838
-0.58103	-5.87337	0	-0.554109	-0.4	-1.31102	-2.22857	0.0788793	0.67
-0.62701	-5.76399	0	-0.545856	-0.45	-1.27808	-2.40294	-0.0271999	0.525
-0.81813	-5.99118	0	-0.7748	-0.65	-1.66636	-2.525	-0.0554346	0.5625
-0.32026	-4.99496	0	-0.355914	-0.35	-0.725165	-1.09082	0.0450294	0.425
-1.07592	-5.88323	0	-1.04426	-1.05	-1.8375	-2.758	-0.39899	0.168572
-1.00397	-5.98296	0	-0.943411	-0.75	-1.79865	-2.8	-0.288889	0.303334
-0.36669	-5.81677	0	-0.272222	0	-1.08583	-2.17727	0.268852	0.75
-0.65799	-5.78291	0	-0.608805	-0.5	-1.32647	-2.35	-0.0430326	0.540477
0.0998501	-5.5449	0	0.177689	0.25	-0.408182	-1.68889	0.591772	1.09833
-0.97142	-5.88652	0	-0.922148	-0.55	-1.72712	-2.6825	-0.276415	0.27069
-1.07505	-5.8484	0	-1.04392	-1.4	-1.79885	-2.67708	-0.415958	0.186364
0.46154	-5.10608	0	0.419611	0.4	0.0503228	-0.404167	0.827477	1.354
-0.88129	-5.89617	0	-0.860448	-1	-1.63158	-2.50357	-0.215596	0.456819
-0.80862	-5.8763	0	-0.747183	-0.4	-1.56475	-2.50769	-0.143367	0.383929
-0.31688	-4.85619	0	-0.340536	-0.25	-0.694848	-1.03727	0.012963	0.34
-0.65223	-5.92494	0	-0.600769	-0.55	-1.44296	-2.345	0.0615001	0.608824
-0.67156	-5.95028	0	-0.613566	-0.45	-1.47614	-2.4275	0.0428573	0.636364
-0.91341	-5.94364	0	-0.906863	-0.8	-1.66087	-2.5475	-0.250538	0.620834
-0.91359	-5.86648	0	-0.847297	-0.85	-1.6587	-2.65	-0.237963	0.285294
-0.78552	-5.8634	0	-0.763605	-0.5	-1.51582	-2.41071	-0.125	0.468422
-1.2299	-5.9338	0	-1.16462	-0.95	-2.01864	-2.97222	-0.524793	0.0540004
-0.95682	-5.8338	0	-0.881482	-0.55	-1.70227	-2.64687	-0.305343	0.185
-1.13462	-5.83651	0	-1.06993	-0.95	-1.86721	-2.788	-0.473039	0.042593
-0.58684	-5.88263	0	-0.523571	-0.35	-1.35345	-2.33333	0.0951326	0.611111
-1.08688	-5.86046	0	-1.03013	-0.8	-1.845	-2.74423	-0.405289	0.0925928
-1.10248	-5.89327	0	-1.02879	-0.85	-1.87121	-2.86786	-0.407589	0.0821431
