MEDIAN	P16	P84	P2P5	P97P5	MODE	AVG
11.2784	11.1859	11.3644	11.1106	11.4498	11.2967	11.2886
11.7679	11.6717	11.8457	11.5906	11.9313	11.81	11.7746
11.3597	11.2589	11.4346	11.1788	11.5191	11.39	11.3642
11.5508	11.4609	11.6361	11.3906	11.7295	11.6	11.563
11.4866	11.3954	11.5673	11.3191	11.6487	11.53	11.4959
11.3144	11.2157	11.4184	11.14	11.5351	11.2967	11.3311
11.4432	11.3523	11.5273	11.2777	11.61	11.5067	11.4534
11.5651	11.4736	11.6566	11.3981	11.7467	11.5767	11.5777
11.4535	11.3685	11.5335	11.2975	11.6581	11.4833	11.4667
11.6292	11.5264	11.7438	11.4548	11.8744	11.6467	11.6476
11.7104	11.6053	11.7984	11.5211	11.9012	11.74	11.7182
11.7143	11.6196	11.8025	11.5538	11.8828	11.74	11.7251
11.3051	11.2161	11.3914	11.1435	11.4692	11.32	11.3165
11.2525	11.1598	11.3406	11.0909	11.4307	11.2733	11.2642
11.487	11.3902	11.5658	11.3117	11.6563	11.5067	11.4944
11.3695	11.2794	11.4584	11.2065	11.5444	11.39	11.3818
11.3276	11.2394	11.4103	11.1635	11.4819	11.39	11.3376
11.2609	11.166	11.3684	11.0922	11.4111	11.2733	11.2713
11.7947	11.6999	11.8868	11.6255	11.9829	11.7867	11.807
11.5663	11.4695	11.6567	11.3963	11.754	11.6233	11.5776
11.0238	10.9305	11.109	10.8591	11.2013	11.0633	11.0347
11.6355	11.5443	11.7209	11.4755	11.7998	11.67	11.6464
11.1407	11.0466	11.2194	10.9778	11.2946	11.18	11.1488
11.4391	11.3495	11.5226	11.276	11.6051	11.4833	11.4494
11.0987	11.0054	11.1883	10.9321	11.2773	11.11	11.1105
11.4207	11.33	11.5124	11.2563	11.6062	11.4367	11.4341
11.3089	11.2205	11.388	11.1446	11.4548	11.32	11.3175
11.2835	11.1915	11.3656	11.1186	11.4387	11.2967	11.2928
11.6641	11.573	11.7491	11.5055	11.826	11.6933	11.6745
11.8241	11.7238	11.9061	11.6477	11.9918	11.88	11.8304
11.2138	11.1203	11.3041	11.0505	11.3901	11.2267	11.226
11.058	10.9627	11.1492	10.8874	11.2391	11.0633	11.0695
11.1399	11.0483	11.2211	10.9709	11.2935	11.1567	11.1484
11.5707	11.4805	11.6484	11.403	11.7201	11.6233	11.5784
11.2942	11.1981	11.3812	11.1342	11.4733	11.32	11.3051
10.7868	10.6914	10.8804	10.5954	10.9714	10.8067	10.7974
11.2592	11.1651	11.3546	11.0898	11.4544	11.25	11.2731
11.2211	11.1334	11.3056	11.0608	11.3798	11.25	11.2317
11.516	11.4258	11.598	11.3566	11.6959	11.5533	11.5281
10.8057	10.7055	10.9102	10.6345	11.0236	10.8533	10.8203
11.2404	11.1512	11.3193	11.0796	11.4032	11.2733	11.2508
11.3616	11.2672	11.4438	11.2002	11.5206	11.39	11.3705
10.7481	10.6558	10.8353	10.5829	10.9318	10.7833	10.7601
11.4103	11.3302	11.4923	11.2627	11.5927	11.4133	11.4249
11.5648	11.477	11.6586	11.3997	11.7844	11.5767	11.5816
11.0948	11.0011	11.1943	10.9235	11.2966	11.0867	11.1101
11.5397	11.4518	11.6212	11.375	11.6959	11.53	11.5499
11.3667	11.2778	11.4483	11.2068	11.5288	11.4133	11.3773
11.5556	11.4601	11.6373	11.379	11.7306	11.6	11.5641
11.4422	11.3539	11.5298	11.2822	11.6148	11.46	11.4547
11.3449	11.2515	11.4205	11.1793	11.4853	11.3667	11.3508
11.4526	11.3593	11.5407	11.2857	11.6314	11.5067	11.4634
11.5548	11.4586	11.6384	11.3865	11.7256	11.6	11.5635
11.3687	11.2762	11.4528	11.2064	11.5366	11.39	11.3786
11.5151	11.4137	11.6117	11.3243	11.7436	11.53	11.5298
11.4425	11.3524	11.532	11.277	11.6277	11.4367	11.4556
11.3947	11.2918	11.4945	11.2099	11.5642	11.4133	11.4028
11.7325	11.6341	11.8093	11.5464	11.9073	11.7633	11.7402
11.0491	10.9601	11.1329	10.8873	11.2077	11.0633	11.0596
11.661	11.573	11.7394	11.501	11.8453	11.67	11.6726
11.6056	11.5149	11.6922	11.4413	11.7783	11.6233	11.6171
11.2299	11.1382	11.3125	11.0652	11.3913	11.2733	11.2388
11.9807	11.8037	12.1541	11.6545	12.2967	12.02	11.9886
11.3165	11.2187	11.3999	11.1386	11.4967	11.3667	11.3248
11.062	10.9763	11.13	10.901	11.2004	11.0867	11.0679
11.2113	11.1182	11.2937	11.0499	11.37	11.25	11.2209
11.4856	11.3935	11.5733	11.3202	11.663	11.53	11.497
11.3928	11.2973	11.4915	11.2205	11.5989	11.4367	11.4077
10.9071	10.8454	11.0041	10.759	11.1696	10.8767	10.9307
11.5733	11.4785	11.6556	11.414	11.7339	11.6	11.5825
11.5162	11.4253	11.5992	11.3573	11.6742	11.53	11.5265
11.6752	11.5846	11.7637	11.5116	11.8541	11.6933	11.6877
11.0767	10.9978	11.1533	10.9279	11.2533	11.11	11.0902
11.1868	11.0945	11.2681	11.025	11.3415	11.2033	11.1958
10.909	10.8175	11.0001	10.7436	11.0943	10.9233	10.922
11.3961	11.3025	11.4812	11.2314	11.5618	11.4133	11.406
11.316	11.225	11.4062	11.1578	11.4952	11.3433	11.3287
11.5806	11.491	11.6619	11.4184	11.7405	11.6	11.5908
10.763	10.6706	10.8537	10.5866	10.9445	10.76	10.775
11.1152	11.0274	11.1892	10.9581	11.2538	11.1567	11.1227
11.4786	11.3773	11.5704	11.3032	11.6655	11.53	11.4883
11.698	11.6073	11.7848	11.5336	11.8681	11.7167	11.7092
11.5236	11.4309	11.6193	11.3601	11.7232	11.5533	11.5386
11.2943	11.2007	11.3758	11.1357	11.4542	11.32	11.3034
11.639	11.5499	11.7199	11.4782	11.7957	11.6933	11.649
11.2132	11.1251	11.2998	11.0496	11.3797	11.2267	11.2249
10.7739	10.6818	10.8612	10.6063	10.9466	10.8067	10.7848
11.2253	11.1335	11.3142	11.0655	11.3995	11.2267	11.2374
11.1251	11.0307	11.2088	10.9561	11.2949	11.1567	11.1348
11.4609	11.3691	11.5444	11.2927	11.627	11.5067	11.4704
11.398	11.3068	11.4835	11.2343	11.56	11.4133	11.4086
11.1316	11.0393	11.2173	10.9706	11.2966	11.1567	11.142
11.1511	11.0535	11.2525	10.9793	11.3591	11.1567	11.1663
11.2377	11.1491	11.3242	11.0748	11.4035	11.25	11.2491
10.7742	10.6821	10.8719	10.6088	10.9483	10.7833	10.7876
11.2307	11.1379	11.3182	11.0705	11.4036	11.25	11.2424
11.338	11.249	11.4291	11.174	11.5202	11.3433	11.3511
11.5729	11.4815	11.6582	11.4062	11.7425	11.6233	11.5836
10.9114	10.8222	10.9985	10.748	11.0795	10.9233	10.9229
11.3415	11.2493	11.4232	11.1824	11.4995	11.3667	11.3508
11.2697	11.172	11.3611	11.1032	11.4558	11.2967	11.2813
11.3471	11.2585	11.4269	11.1838	11.4938	11.3667	11.3556
11.1042	11.0147	11.1934	10.9433	11.2783	11.1333	11.1167
11.7073	11.6213	11.7852	11.5406	11.8505	11.7167	11.7157
11.3237	11.2293	11.416	11.158	11.5254	11.3433	11.3375
10.9794	10.8841	11.0626	10.8154	11.1468	11.0167	10.9891
10.9131	10.8147	11.0137	10.7329	11.1217	10.9233	10.9274
11.1652	11.0745	11.2429	10.9983	11.3264	11.2033	11.1741
11.3643	11.2668	11.4495	11.1872	11.5454	11.4133	11.3735
10.6663	10.5734	10.7563	10.4937	10.8439	10.6433	10.678
11.1629	11.0715	11.2532	10.9968	11.3557	11.18	11.1767
10.9773	10.8839	11.0577	10.8148	11.1306	11.0167	10.9856
11.2795	11.1914	11.3664	11.1214	11.4604	11.2967	11.2928
11.3151	11.2252	11.4072	11.1493	11.5014	11.32	11.3287
11.1642	11.0732	11.2422	10.9977	11.3227	11.2033	11.173
11.1101	11.0268	11.1682	10.9456	11.2207	11.1567	11.1119
11.3153	11.2227	11.4004	11.1574	11.4809	11.3433	11.3257
11.2912	11.1963	11.3806	11.121	11.5035	11.32	11.3045
10.9306	10.839	11.0176	10.766	11.1084	10.9467	10.9423
11.4192	11.3259	11.5106	11.2471	11.6053	11.4367	11.4315
11.5758	11.4903	11.658	11.4165	11.7675	11.6233	11.5892
11.254	11.1652	11.34	11.0918	11.4211	11.2733	11.2655
11.3513	11.2604	11.4262	11.1858	11.5064	11.3667	11.3596
10.8018	10.7004	10.9075	10.6175	11.0204	10.7833	10.817
11.2958	11.1994	11.391	11.1172	11.492	11.32	11.309
11.1405	11.0509	11.2267	10.9776	11.3065	11.1567	11.1517
11.5185	11.4281	11.5928	11.3522	11.6659	11.5533	11.5257
11.04	10.947	11.1242	10.8801	11.2018	11.0633	11.0499
11.1652	11.071	11.2415	10.9999	11.3158	11.2033	11.1718
10.8876	10.7976	10.9713	10.7233	11.0551	10.9233	10.8982
11.3374	11.2429	11.4182	11.1696	11.501	11.3667	11.346
11.2275	11.1376	11.3115	11.0638	11.3883	11.2733	11.2375
10.9482	10.8572	11.0329	10.7835	11.1093	10.9933	10.958
10.8243	10.7321	10.9063	10.6586	10.9874	10.8533	10.8334
11.4335	11.3439	11.5189	11.2698	11.6039	11.4133	11.4451
11.2631	11.1751	11.348	11.0998	11.4241	11.2733	11.274
11.5607	11.4702	11.6383	11.394	11.7011	11.5767	11.5676
11.5092	11.4263	11.5827	11.3537	11.6667	11.53	11.5193
11.1389	11.0472	11.2225	10.9787	11.2974	11.1567	11.1491
11.2181	11.1228	11.3079	11.0527	11.4052	11.25	11.2302
11.3932	11.3042	11.476	11.23	11.5523	11.4367	11.4032
11.3096	11.2191	11.3989	11.1441	11.4866	11.32	11.322
10.8753	10.787	10.962	10.7115	11.0419	10.8767	10.8868
11.4912	11.3971	11.5695	11.3148	11.6695	11.5067	11.5
11.8519	11.757	11.9238	11.6662	12.03	11.88	11.8581
11.3576	11.2654	11.4472	11.1907	11.5443	11.39	11.3705
11.3118	11.2206	11.3936	11.1492	11.4656	11.3433	11.3207
11.6505	11.5512	11.7369	11.4787	11.8278	11.6933	11.6597
11.766	11.6756	11.8343	11.592	11.8917	11.81	11.7695
11.6904	11.5961	11.7801	11.5309	11.8745	11.6933	11.7028
11.4985	11.4044	11.5719	11.3215	11.6515	11.53	11.5044
11.4865	11.3949	11.5723	11.3217	11.6611	11.53	11.4974
11.7109	11.6182	11.7896	11.5405	11.8654	11.7633	11.7183
11.435	11.3342	11.536	11.2575	11.6451	11.4833	11.4493
11.3444	11.251	11.4153	11.1692	11.475	11.3667	11.3477
-1	-1	-1	-1	-1	-1	-1
11.0828	10.9896	11.1775	10.9194	11.2819	11.11	11.0973
-1	-1	-1	-1	-1	-1	-1
11.4565	11.3748	11.5239	11.299	11.5941	11.4833	11.4638
11.567	11.476	11.6632	11.3924	11.7632	11.53	11.5834
11.3674	11.2765	11.4603	11.2004	11.5626	11.3667	11.3813
11.0507	10.9591	11.1313	10.8837	11.2016	11.11	11.059
11.9359	11.8352	12.0141	11.7665	12.1121	11.88	11.9431
11.5266	11.4371	11.5999	11.3634	11.682	11.5533	11.5348
11.3254	11.2452	11.4167	11.1559	11.5276	11.32	11.3413
11.1085	11.018	11.1946	10.9468	11.2726	11.1333	11.1191
11.1998	11.1075	11.2927	11.031	11.3881	11.2033	11.213
11.5728	11.4819	11.6589	11.4136	11.7373	11.6	11.5837
11.5857	11.4972	11.6637	11.427	11.7439	11.6233	11.5955
11.1513	11.063	11.2312	10.9938	11.3125	11.2033	11.1619
11.4479	11.3556	11.5275	11.2791	11.6122	11.4833	11.4571
11.0938	11.0002	11.186	10.933	11.2795	11.1333	11.107
11.2831	11.192	11.3723	11.1158	11.4657	11.2733	11.2954
11.1393	11.0419	11.2372	10.9721	11.3503	11.1567	11.1534
11.0743	10.985	11.159	10.9099	11.2344	11.0867	11.0849
11.0927	11.0012	11.1776	10.9241	11.2625	11.1567	11.1027
10.8144	10.7215	10.9053	10.6349	10.9887	10.7833	10.8255
11.3535	11.2621	11.4359	11.1898	11.5075	11.3667	11.3628
11.5935	11.5124	11.6648	11.4413	11.7322	11.6233	11.602
11.6899	11.6018	11.7589	11.5304	11.8245	11.7167	11.6957
11.3458	11.2566	11.4282	11.1819	11.5024	11.3433	11.3553
11.3932	11.3045	11.4771	11.2354	11.5645	11.4367	11.4054
-1	-1	-1	-1	-1	-1	-1
11.326	11.232	11.4213	11.1598	11.5225	11.3433	11.3399
11.3519	11.2557	11.4415	11.1813	11.5387	11.4133	11.3626
11.2335	11.1388	11.3243	11.0708	11.4157	11.2733	11.246
11.2142	11.1216	11.2951	11.0433	11.3665	11.2733	11.2219
11.3494	11.2624	11.4267	11.196	11.4997	11.39	11.3589
11.4043	11.3097	11.4858	11.2327	11.5743	11.4367	11.4138
11.1179	11.0252	11.212	10.9476	11.3034	11.11	11.131
11.0571	10.9675	11.1451	10.8936	11.225	11.0633	11.0686
11.4457	11.352	11.538	11.2745	11.6225	11.46	11.4577
11.5283	11.4338	11.6193	11.3578	11.7141	11.53	11.5395
10.6631	10.5695	10.7523	10.4871	10.8396	10.7133	10.6737
11.24	11.1458	11.3211	11.076	11.4058	11.2733	11.2493
11.5273	11.4459	11.6104	11.3766	11.7083	11.53	11.5416
11.2862	11.1927	11.3746	11.1176	11.4686	11.3433	11.2974
11.2175	11.1173	11.3125	11.0408	11.4227	11.2733	11.2297
11.1112	11.0196	11.1959	10.9459	11.2715	11.11	11.1207
10.8972	10.7991	11.0031	10.7192	11.1235	10.9	10.9143
10.9898	10.8977	11.0812	10.819	11.1809	11.0167	11.0027
11.2729	11.1811	11.3526	11.1129	11.4242	11.2967	11.2813
11.4807	11.3925	11.5671	11.3187	11.644	11.5067	11.4918
10.8135	10.7198	10.9011	10.6411	10.9923	10.8533	10.824
11.0334	10.9409	11.1248	10.8579	11.2162	11.0633	11.0451
11.0692	10.9714	11.1655	10.8862	11.2571	11.0867	11.0807
11.076	10.9771	11.1746	10.8941	11.2691	11.0867	11.0885
11.7209	11.6316	11.7998	11.557	11.8785	11.7633	11.7302
11.6642	11.5706	11.7547	11.4934	11.8762	11.67	11.6785
11.3738	11.2812	11.4544	11.2104	11.5361	11.4133	11.3826
-1	-1	-1	-1	-1	-1	-1
11.4927	11.3995	11.5758	11.3277	11.6648	11.53	11.5029
-1	-1	-1	-1	-1	-1	-1
11.4799	11.3891	11.561	11.3134	11.6426	11.53	11.4893
11.2099	11.1182	11.2984	11.0478	11.3838	11.2033	11.2218
11.1943	11.1033	11.2816	11.0311	11.3723	11.18	11.2069
10.8441	10.7484	10.9412	10.677	11.0417	10.8767	10.858
11.382	11.2926	11.4709	11.2125	11.5522	11.39	11.3938
11.4151	11.3236	11.4978	11.2558	11.5726	11.4367	11.4251
11.1005	11.0089	11.1895	10.9361	11.2875	11.11	11.1134
10.8138	10.7255	10.8988	10.6485	10.9785	10.8067	10.825
10.8781	10.7844	10.9616	10.7183	11.0413	10.9	10.888
11.5255	11.4369	11.6134	11.3603	11.7135	11.53	11.5384
11.2345	11.1424	11.3187	11.0733	11.4045	11.25	11.2454
11.0062	10.9139	11.0899	10.8439	11.1738	11.04	11.0166
11.1487	11.0564	11.2362	10.9852	11.3183	11.18	11.1597
11.3556	11.2561	11.456	11.1791	11.5805	11.3433	11.3706
11.4053	11.3054	11.5027	11.226	11.641	11.4367	11.4207
11.1527	11.0573	11.2362	10.9919	11.3198	11.18	11.1626
11.8067	11.7131	11.879	11.632	11.967	11.8333	11.8138
11.2034	11.1079	11.3101	11.0317	11.4357	11.2033	11.2216
11.6454	11.5548	11.729	11.4767	11.8027	11.6467	11.6545
11.6952	11.6115	11.7739	11.5429	11.8497	11.7167	11.7061
11.3845	11.2857	11.4735	11.2074	11.5722	11.4367	11.3946
11.1883	11.096	11.2804	11.0216	11.3801	11.18	11.2019
11.2278	11.1203	11.3526	11.0496	11.4685	11.1333	11.2435
11.2414	11.148	11.3384	11.0677	11.4432	11.25	11.2559
12.0289	11.9144	12.1541	11.8033	12.2681	12.02	12.0509
11.5488	11.4605	11.629	11.3883	11.6954	11.5767	11.5577
11.3716	11.2808	11.4568	11.2099	11.532	11.39	11.3821
11.4387	11.3439	11.5323	11.2729	11.636	11.4367	11.4524
11.6513	11.561	11.7275	11.4849	11.7992	11.6933	11.6587
11.2829	11.1963	11.3718	11.123	11.4585	11.2967	11.2962
11.3808	11.2902	11.4552	11.214	11.5216	11.4367	11.3873
11.3381	11.2407	11.42	11.1627	11.508	11.39	11.3452
11.4259	11.3369	11.4994	11.2652	11.5712	11.46	11.4335
11.2697	11.1717	11.3663	11.0939	11.5051	11.2967	11.286
11.3558	11.2633	11.45	11.187	11.557	11.3433	11.3706
11.6238	11.5299	11.706	11.4559	11.7851	11.67	11.6322
11.4655	11.3756	11.5523	11.3034	11.633	11.4833	11.4769
11.2254	11.1292	11.3008	11.0486	11.3746	11.2733	11.2302
11.4386	11.3433	11.5052	11.2631	11.5741	11.46	11.4413
11.4648	11.3718	11.5441	11.2973	11.6114	11.4833	11.4721
11.305	11.2183	11.3917	11.1502	11.4994	11.32	11.3196
11.2415	11.1485	11.3305	11.0738	11.4257	11.2267	11.2541
10.9506	10.8404	11.0698	10.7542	11.1818	10.9467	10.9674
11.4291	11.3371	11.5128	11.2608	11.5972	11.4833	11.439
10.9629	10.8708	11.0502	10.7978	11.1418	11.0167	10.9745
11.4874	11.4015	11.5608	11.3249	11.6371	11.5533	11.496
11.6129	11.5101	11.6962	11.4268	11.7922	11.6467	11.6201
11.6179	11.5189	11.7136	11.4516	11.8225	11.6467	11.6312
11.2065	11.1152	11.2933	11.0444	11.3892	11.25	11.2186
11.4474	11.3527	11.5428	11.2792	11.6433	11.4367	11.4612
11.0154	10.9172	11.1135	10.839	11.2083	11.04	11.0284
11.4501	11.3751	11.5357	11.3122	11.6278	11.4367	11.4672
11.583	11.4943	11.6601	11.4213	11.7359	11.6233	11.5918
11.4732	11.3817	11.5539	11.3082	11.6229	11.4833	11.4818
11.5329	11.4429	11.6219	11.3708	11.7163	11.5067	11.5468
11.5621	11.478	11.6399	11.4091	11.7204	11.5767	11.573
10.7526	10.6625	10.8348	10.5863	10.912	10.8067	10.7618
11.3556	11.2608	11.4489	11.1773	11.5362	11.3667	11.3672
10.954	10.8604	11.0426	10.7908	11.1438	10.9933	10.9667
10.9822	10.8897	11.0719	10.8223	11.1591	11.0167	10.9944
11.3643	11.2748	11.4439	11.2031	11.5196	11.4133	11.3736
11.7937	11.7019	11.8687	11.6261	11.9368	11.8333	11.8002
11.3175	11.22	11.4045	11.1536	11.5017	11.3433	11.3283
11.1983	11.1747	11.2645	11.0211	11.4855	11.2033	11.2213
11.0108	10.9184	11.0937	10.832	11.1725	11.04	11.0191
11.5151	11.4225	11.6016	11.3483	11.6936	11.5767	11.5261
11.363	11.2648	11.4485	11.1868	11.5423	11.4133	11.3717
11.6773	11.5919	11.8022	11.5097	11.9593	11.67	11.7054
11.445	11.3557	11.5285	11.2825	11.603	11.46	11.4553
11.4345	11.3454	11.5226	11.2659	11.6107	11.46	11.4458
11.2083	11.1193	11.2965	11.0469	11.3825	11.2267	11.2209
11.303	11.2141	11.3787	11.1384	11.4597	11.32	11.3117
11.1633	11.0769	11.2493	10.974	11.3707	11.18	11.1759
11.1697	11.0727	11.256	10.9959	11.3526	11.2033	11.179
11.3603	11.2722	11.4437	11.2041	11.5227	11.4133	11.3716
11.0096	10.9217	11.0945	10.8449	11.1759	11.04	11.0205
11.2522	11.1549	11.3641	11.0777	11.4916	11.25	11.2723
11.1823	11.0839	11.2717	11.0066	11.3818	11.2267	11.1942
11.2733	11.1833	11.3584	11.1128	11.4485	11.32	11.285
11.6995	11.6033	11.7893	11.5327	11.8835	11.7633	11.7099
11.5939	11.5003	11.6738	11.4225	11.7463	11.6467	11.6014
11.1415	11.0504	11.2301	10.9746	11.3201	11.1333	11.1533
11.6429	11.562	11.7205	11.4944	11.8209	11.67	11.6564
11.0899	11.0005	11.178	10.9273	11.2626	11.11	11.1019
11.2623	11.1679	11.3531	11.099	11.4451	11.2967	11.2747
11.2287	11.1353	11.3109	11.0681	11.3869	11.2733	11.2381
11.2467	11.1519	11.3308	11.0869	11.4106	11.2733	11.2568
11.1958	11.1343	11.2695	11.0738	11.3627	11.2033	11.2134
11.5064	11.4048	11.6164	11.3269	11.7541	11.4833	11.5241
11.2792	11.1854	11.3744	11.1132	11.4779	11.2967	11.2935
11.3338	11.2427	11.4204	11.1673	11.5058	11.3433	11.3449
11.8193	11.727	11.9012	11.6549	11.9963	11.8567	11.8305
11.2335	11.1438	11.3267	11.0692	11.4154	11.2267	11.2477
11.4182	11.3242	11.517	11.2536	11.6289	11.4367	11.4334
11.3878	11.2969	11.4751	11.2217	11.5972	11.39	11.4018
11.1357	11.0563	11.2611	10.955	11.3831	11.11	11.1649
11.5388	11.4604	11.6149	11.3957	11.7135	11.5533	11.5522
11.1556	11.0672	11.238	10.9988	11.3264	11.18	11.1672
11.001	10.8999	11.1049	10.8186	11.2013	11.0167	11.0144
11.2291	11.1314	11.3097	11.0513	11.3972	11.2733	11.2361
11.1349	11.0474	11.2127	10.9719	11.2731	11.1333	11.1429
11.2007	11.1038	11.2965	11.018	11.3931	11.2267	11.2129
11.1703	11.0784	11.2531	11.0091	11.3271	11.2033	11.1797
11.3399	11.2524	11.4206	11.1773	11.4883	11.3433	11.3492
11.6385	11.5463	11.7233	11.4701	11.8096	11.67	11.6488
11.3484	11.2547	11.4362	11.1855	11.5198	11.3667	11.3598
10.7432	10.6492	10.8342	10.5804	10.9226	10.7833	10.7554
11.5452	11.4538	11.6341	11.3787	11.7231	11.5533	11.5571
11.3352	11.2544	11.4183	11.1727	11.5324	11.3433	11.3496
11.3145	11.2258	11.4013	11.1509	11.4895	11.2967	11.327
11.3261	11.2362	11.4078	11.1628	11.4789	11.3433	11.3355
11.2274	11.129	11.3101	11.0523	11.3951	11.2733	11.2344
11.5642	11.4803	11.6549	11.3988	11.7724	11.5767	11.5802
11.3432	11.2395	11.4248	11.1696	11.5004	11.3667	11.3486
11.2975	11.2109	11.3863	11.1369	11.4954	11.2733	11.3129
11.0977	11.0015	11.1851	10.9335	11.2776	11.1333	11.1088
11.5531	11.4545	11.6324	11.3756	11.7191	11.6	11.5589
11.647	11.553	11.7227	11.4741	11.7907	11.6933	11.6526
11.147	11.0497	11.2472	10.979	11.3667	11.2033	11.1631
11.3046	11.2144	11.3883	11.1381	11.4696	11.2967	11.3147
11.1962	11.1167	11.2735	11.0477	11.3513	11.2033	11.2082
11.3603	11.27	11.439	11.1931	11.5138	11.4133	11.3683
11.2529	11.1651	11.3347	11.0887	11.4056	11.25	11.2626
11.0984	11.0052	11.1839	10.9358	11.273	11.1333	11.1097
11.2886	11.2007	11.3615	11.1334	11.4302	11.32	11.2961
11.9091	11.8624	12.0303	11.7678	12.1926	11.9033	11.9419
10.8287	10.7391	10.911	10.669	10.9842	10.8533	10.8381
11.2264	11.1381	11.3129	11.0643	11.3989	11.2267	11.2383
11.3715	11.2843	11.447	11.2173	11.5189	11.4133	11.3803
11.1063	11.0122	11.2033	10.9404	11.303	11.11	11.1205
11.6164	11.5243	11.6977	11.4468	11.782	11.67	11.625
11.3825	11.2894	11.4608	11.2178	11.5286	11.4133	11.3897
11.6135	11.5222	11.6996	11.4477	11.776	11.6233	11.6239
11.3546	11.263	11.4455	11.1897	11.532	11.3667	11.367
11.3424	11.2512	11.4384	11.1694	11.5351	11.3433	11.3563
11.0109	10.9166	11.1041	10.8452	11.2084	11.0167	11.0247
11.3933	11.308	11.4678	11.236	11.5446	11.4133	11.4022
11.1256	11.0365	11.2121	10.9657	11.2903	11.1567	11.137
11.5314	11.4434	11.6118	11.3682	11.6768	11.5533	11.5401
10.9921	10.8989	11.0822	10.8309	11.1754	11.0167	11.0041
11.1822	11.0926	11.2651	11.0221	11.338	11.2033	11.192
10.8055	10.7223	10.8956	10.6482	10.9884	10.8067	10.8215
11.2034	11.1134	11.2884	11.0424	11.3638	11.2267	11.2138
11.242	11.1438	11.3585	11.0498	11.5011	11.2033	11.2621
11.5072	11.4121	11.5956	11.3438	11.701	11.53	11.5195
11.1054	11.0116	11.1967	10.9448	11.2935	11.1333	11.1185
11.2634	11.1533	11.3881	11.0756	11.5255	11.2967	11.2816
11.2903	11.1929	11.3809	11.1152	11.4896	11.3433	11.302
11.0484	10.9542	11.1494	10.8783	11.2656	11.04	11.0653
11.4596	11.3694	11.5433	11.2986	11.6163	11.4833	11.4694
11.7273	11.6319	11.8064	11.5558	11.879	11.7867	11.7334
11.2832	11.1814	11.3782	11.1015	11.4796	11.3433	11.2941
11.2153	11.1255	11.3058	11.0536	11.3897	11.2267	11.228
11.2867	11.1918	11.3831	11.1181	11.4879	11.2967	11.3007
11.5464	11.4515	11.6256	11.3724	11.7133	11.5767	11.5549
11.3355	11.2476	11.4188	11.1726	11.4958	11.3433	11.3461
11.2642	11.1731	11.3523	11.1048	11.4508	11.2967	11.2773
11.3349	11.2447	11.4192	11.1708	11.5	11.3433	11.3454
11.2103	11.1205	11.2947	11.0467	11.3707	11.2267	11.2207
11.0257	10.9372	11.1091	10.8631	11.1825	11.04	11.0361
11.1344	11.0454	11.217	10.973	11.2884	11.1567	11.1441
11.0914	10.996	11.1755	10.9268	11.2682	11.11	11.1017
11.3257	11.2359	11.4093	11.1633	11.482	11.3433	11.3358
11.3522	11.2617	11.4418	11.1893	11.538	11.3433	11.3661
11.2308	11.1387	11.3103	11.0621	11.3904	11.2733	11.2394
11.2718	11.1758	11.3653	11.1101	11.4697	11.2967	11.2853
10.9473	10.8544	11.0323	10.7833	11.1212	10.97	10.958
11.2139	11.1215	11.2996	11.0484	11.392	11.25	11.2251
11.3386	11.2498	11.4284	11.1746	11.5163	11.3433	11.3512
11.884	11.7897	12.0035	11.691	12.128	11.88	11.9056
10.8172	10.7198	10.9003	10.6504	10.98	10.8533	10.8259
11.4068	11.3074	11.5008	11.2303	11.5986	11.46	11.4186
11.0548	10.9589	11.1351	10.8897	11.2194	11.0867	11.0634
11.5493	11.4624	11.6327	11.3935	11.7124	11.6	11.561
11.0477	10.9544	11.1315	10.8856	11.2181	11.0633	11.0583
10.9809	10.8879	11.0712	10.8192	11.1595	10.9933	10.9934
11.4266	11.346	11.5059	11.2749	11.6047	11.4833	11.4396
11.241	11.1484	11.3266	11.0816	11.4079	11.25	11.2517
11.2442	11.1515	11.3282	11.0774	11.4099	11.2733	11.2537
11.1946	11.1005	11.2811	11.0348	11.3715	11.2267	11.2061
11.1707	11.0815	11.2618	11.0064	11.3521	11.18	11.1842
11.1656	11.0717	11.2486	11.0037	11.3287	11.2033	11.1752
11.57	11.4817	11.6537	11.4102	11.7371	11.6233	11.5816
11.5585	11.4644	11.6494	11.3909	11.7455	11.5533	11.5712
11.37	11.2756	11.4522	11.2091	11.5297	11.39	11.3793
11.0943	11.0027	11.1813	10.9305	11.2725	11.11	11.1061
11.0571	10.9666	11.142	10.8881	11.2229	11.11	11.0675
11.6676	11.5722	11.751	11.4946	11.8537	11.6933	11.6768
11.4081	11.3044	11.512	11.2257	11.6522	11.39	11.4233
10.9475	10.8519	11.0433	10.7761	11.1699	10.97	10.9629
11.6296	11.5388	11.7035	11.4665	11.7789	11.6467	11.6367
10.6343	10.5324	10.7364	10.446	10.8488	10.62	10.6483
10.8519	10.7614	10.9368	10.6872	11.0226	10.8767	10.8626
11.282	11.1924	11.3667	11.1192	11.4463	11.2967	11.293
11.021	10.9296	11.1147	10.8561	11.2086	11.04	11.0347
11.1034	11.0151	11.1878	10.941	11.262	11.11	11.1138
11.219	11.1251	11.3163	11.0509	11.4203	11.2267	11.2335
11.1801	11.0914	11.2593	11.0169	11.329	11.2267	11.1887
10.7968	10.7046	10.8816	10.6314	10.9742	10.83	10.8078
11.4185	11.3292	11.4998	11.2541	11.5713	11.4833	11.4274
11.0123	10.9141	11.1119	10.842	11.2332	11.04	11.0278
11.3117	11.2171	11.3861	11.146	11.455	11.3433	11.3177
11.5549	11.4789	11.6379	11.4174	11.7323	11.5767	11.5707
11.109	11.022	11.1916	10.9486	11.2622	11.1333	11.119
10.9207	10.8284	11.0063	10.7557	11.0916	10.9467	10.9312
11.4317	11.3435	11.5138	11.2697	11.5883	11.4833	11.4416
11.3659	11.2748	11.4528	11.1988	11.5414	11.4367	11.3764
10.7558	10.6656	10.8475	10.596	10.9388	10.7833	10.7692
11.0062	10.9164	11.0881	10.8441	11.1658	11.0167	11.0161
11.0522	10.9619	11.137	10.8881	11.2224	11.0867	11.0632
11.1047	11.017	11.1938	10.9434	11.2821	11.11	11.1176
11.1088	11.0166	11.1952	10.9453	11.2818	11.1333	11.1194
11.1241	11.0328	11.2221	10.9535	11.3137	11.11	11.1389
11.6197	11.53	11.7022	11.4559	11.78	11.67	11.6296
10.9324	10.8427	11.0262	10.7704	11.1169	10.9467	10.9464
11.4564	11.3653	11.5414	11.2668	11.6423	11.4833	11.4672
11.04	10.939	11.1458	10.8677	11.2619	11.04	11.057
11.1625	11.0701	11.2464	10.9986	11.3221	11.18	11.1723
10.964	10.8713	11.051	10.8068	11.1385	10.97	10.9759
11.2417	11.1505	11.3295	11.0727	11.412	11.2967	11.2526
11.1572	11.0623	11.2443	10.9815	11.3252	11.18	11.1669
11.2891	11.1993	11.3851	11.1197	11.4778	11.2967	11.3038
11.0898	10.9963	11.1698	10.9261	11.2484	11.1333	11.0985
11.2725	11.1811	11.3462	11.107	11.4232	11.2967	11.2794
10.9785	10.8767	11.0822	10.7902	11.1877	11.0167	10.9919
11.3206	11.2256	11.4069	11.1579	11.4947	11.3433	11.3308
11.3328	11.24	11.419	11.17	11.501	11.3667	11.3436
11.0053	10.9119	11.0894	10.8448	11.1684	11.04	11.0152
11.499	11.4098	11.583	11.3406	11.6584	11.53	11.5096
11.376	11.2846	11.4664	11.2085	11.5599	11.3667	11.3887
11.4967	11.4114	11.5765	11.3405	11.6926	11.53	11.5101
11.001	10.9109	11.0864	10.8351	11.168	11.04	11.0118
11.5539	11.4689	11.6339	11.3991	11.73	11.5767	11.5659
10.7092	10.6178	10.7962	10.5429	10.878	10.76	10.7202
10.9974	10.9051	11.078	10.8358	11.1566	11.0167	11.0066
10.8881	10.7945	10.9757	10.7259	11.0599	10.9233	10.8993
11.4656	11.3725	11.5475	11.3041	11.6257	11.4833	11.4748
11.0589	10.9722	11.1411	10.8957	11.211	11.0633	11.0688
10.773	10.6816	10.8579	10.602	10.9368	10.7833	10.7831
